UL_LAT_BD,1532583230.82,0.0467698574066,0.0113406181335,0.000823497772217,0.0063259601593,0.00241613388062,0.000712633132935,0.00151443481445,0.0038480758667,0.000114917755127,0.000986337661743,0.000276803970337,0.00232315063477,0.00253129005432,0.00130486488342,32,32,102,15,32,32,102,15,2544,1480,1548
UL_LAT_BD,1532583231.38,0.0483376979828,0.0118689537048,0.000933170318604,0.00648784637451,0.00253915786743,0.000747203826904,0.00159072875977,0.00388407707214,0.0001220703125,0.00100326538086,0.000280857086182,0.00232315063477,0.00270509719849,0.00137066841125,34,34,110,16,34,34,110,16,2696,1568,1652
UL_LAT_BD,1532583232.19,0.0544819831848,0.0125885009766,0.000986337661743,0.00689387321472,0.00279521942139,0.000821590423584,0.00175261497498,0.0040283203125,0.000134229660034,0.0010392665863,0.000362873077393,0.00232315063477,0.00287437438965,0.00144076347351,37,37,118,17,37,37,118,17,2940,1708,1752
UL_LAT_BD,1532583233.03,0.0566275119781,0.0130908489227,0.00101542472839,0.00707316398621,0.00292539596558,0.000860929489136,0.00183343887329,0.00407433509827,0.000140428543091,0.00106739997864,0.000366687774658,0.00232315063477,0.00307726860046,0.00150775909424,39,39,126,18,39,39,126,18,3092,1796,1856
UL_LAT_BD,1532583234.08,0.0584466457367,0.0136041641235,0.00104141235352,0.00725293159485,0.00306129455566,0.000900745391846,0.00191783905029,0.00411343574524,0.00014853477478,0.00108957290649,0.000370740890503,0.00232315063477,0.00325965881348,0.00161576271057,41,41,133,19,41,41,133,19,3244,1884,1956
UL_LAT_BD,1532583235.76,0.0606546401978,0.0140800476074,0.00107550621033,0.00742888450623,0.00319719314575,0.000942468643188,0.00200271606445,0.00414943695068,0.000153779983521,0.00111055374146,0.000373601913452,0.00232315063477,0.0034339427948,0.00169467926025,43,43,139,20,43,43,139,20,3412,1980,2060
UL_LAT_BD,1532583236.81,0.0627143383026,0.0147202014923,0.00110936164856,0.00779294967651,0.00341725349426,0.00100541114807,0.00214195251465,0.00428748130798,0.000170707702637,0.00114750862122,0.000445365905762,0.00232315063477,0.00358486175537,0.00176858901978,46,46,146,21,46,46,146,21,3656,2120,2180
UL_LAT_BD,1532583238.12,0.0645790100098,0.0151932239532,0.00113964080811,0.00800609588623,0.00358653068542,0.00104475021362,0.00222873687744,0.00432729721069,0.000176429748535,0.00116848945618,0.000449419021606,0.00232315063477,0.00373673439026,0.00183057785034,48,48,153,22,48,48,153,22,3808,2208,2284
UL_LAT_BD,1532583238.72,0.0661313533783,0.0157158374786,0.00128579139709,0.00818204879761,0.00371932983398,0.0010838508606,0.00231170654297,0.00436735153198,0.000183343887329,0.00119066238403,0.000453233718872,0.00232315063477,0.0038628578186,0.00189161300659,50,50,158,23,50,50,158,23,3960,2296,2384
DL_LAT_BD,2017-03-03 16:14:15.062731,103,0,0,0
UL_LAT_BD,1532583239.48,0.0678653717041,0.0172619819641,0.00237274169922,0.00839805603027,0.00388741493225,0.00113558769226,0.00241303443909,0.00441241264343,0.000190496444702,0.00121665000916,0.000458240509033,0.00232315063477,0.00402617454529,0.00195550918579,52,52,165,24,52,52,165,24,4128,2400,2488
