DL_LAT_BD,2017-03-03 16:14:16.062009,103,0,0,0
UL_LAT_BD,1532583251.28,0.0912580490112,0.0304753780365,0.0033655166626,0.0178883075714,0.01185131073,0.00171446800232,0.0045919418335,0.00589060783386,0.000309228897095,0.00163435935974,0.000779390335083,0.0028281211853,0.0058012008667,0.00272154808044,77,77,243,35,77,77,243,35,6108,3548,3632
UL_LAT_BD,1532583252.4,0.0934779644012,0.03111743927,0.00341439247131,0.0182325839996,0.0120983123779,0.00178146362305,0.00474977493286,0.00598239898682,0.000318765640259,0.00167107582092,0.00081205368042,0.0028281211853,0.00596499443054,0.00278544425964,80,80,251,36,80,80,251,36,6352,3688,3736
UL_LAT_BD,1532583253.48,0.0959312915802,0.0317974090576,0.00343942642212,0.018456697464,0.0122463703156,0.00182938575745,0.00483512878418,0.00605249404907,0.000327825546265,0.00170421600342,0.000831127166748,0.0028281211853,0.00631165504456,0.00285053253174,82,82,260,37,82,82,260,37,6504,3776,3836
UL_LAT_BD,1532583253.96,0.0977075099945,0.0324013233185,0.00347232818604,0.0187606811523,0.0124084949493,0.00187849998474,0.0049352645874,0.00619053840637,0.000335931777954,0.00174427032471,0.000860214233398,0.00287818908691,0.00648856163025,0.00292444229126,84,84,267,38,84,84,267,38,6672,3876,3936
UL_LAT_BD,1532583254.67,0.0992634296417,0.0329010486603,0.00349736213684,0.0189688205719,0.012556552887,0.00192666053772,0.00502324104309,0.00624680519104,0.000342845916748,0.00177145004272,0.000873327255249,0.00287818908691,0.00667238235474,0.0029923915863,86,86,275,39,86,86,275,39,6824,3964,4036
UL_LAT_BD,1532583255.67,0.101019382477,0.0336086750031,0.00364232063293,0.0192897319794,0.0127775669098,0.00199055671692,0.0051634311676,0.00634169578552,0.000364065170288,0.00180840492249,0.000898599624634,0.00287818908691,0.00684452056885,0.0030415058136,89,89,283,40,89,89,283,40,7068,4104,4140
UL_LAT_BD,1532583256.51,0.102720737457,0.0343713760376,0.00391316413879,0.0195045471191,0.0129315853119,0.002037525177,0.00525879859924,0.00640058517456,0.000369787216187,0.0018355846405,0.000916719436646,0.00287818908691,0.00702714920044,0.00311541557312,92,91,291,41,92,91,291,41,7280,4200,4260
UL_LAT_BD,1532583257.77,0.104209661484,0.0351147651672,0.00404930114746,0.0197796821594,0.0130767822266,0.00207352638245,0.0053596496582,0.00652647018433,0.000379800796509,0.00186967849731,0.000942707061768,0.00292611122131,0.00717210769653,0.00317335128784,94,93,297,42,94,93,297,42,7416,4280,4344
UL_LAT_BD,1532583258.66,0.10650229454,0.0357458591461,0.0040979385376,0.0201025009155,0.0132966041565,0.00214076042175,0.00549554824829,0.00662231445312,0.000387668609619,0.00190877914429,0.000977754592896,0.00292611122131,0.00734639167786,0.00323843955994,97,96,303,43,97,96,303,43,7660,4428,4448
DL_LAT_BD,2017-03-03 16:14:17.062740,103,0,0,0
