UL_LAT_BD,1532583270.01,0.133746623993,0.0432481765747,0.00470733642578,0.0236778259277,0.0153996944427,0.00276708602905,0.00680327415466,0.00804734230042,0.000486850738525,0.0023181438446,0.00132322311401,0.00337696075439,0.00945734977722,0.00414443016052,124,123,389,55,124,123,389,55,9792,5664,5696
UL_LAT_BD,1532583270.71,0.135304450989,0.0438232421875,0.00473618507385,0.0239889621735,0.0155715942383,0.00281119346619,0.00689506530762,0.00818133354187,0.000493764877319,0.00236225128174,0.00134921073914,0.00342297554016,0.00960779190063,0.00421357154846,126,125,396,56,126,125,396,56,9960,5760,5800
UL_LAT_BD,1532583271.53,0.136998653412,0.0443043708801,0.0047664642334,0.0241837501526,0.0157065391541,0.00285220146179,0.00697708129883,0.00823831558228,0.000500917434692,0.0023832321167,0.00136947631836,0.00342297554016,0.0097930431366,0.00426959991455,128,127,403,57,128,127,403,57,10112,5848,5900
UL_LAT_BD,1532583272.05,0.139055728912,0.0449709892273,0.00481772422791,0.0245368480682,0.0159454345703,0.00292420387268,0.00712442398071,0.00834608078003,0.000512838363647,0.00243616104126,0.00140047073364,0.00342297554016,0.00994253158569,0.00436353683472,131,130,410,58,131,130,410,58,10356,5988,6004
UL_LAT_BD,1532583272.81,0.140617847443,0.0455424785614,0.00484585762024,0.0248599052429,0.0161204338074,0.00296545028687,0.00724458694458,0.00849032402039,0.000522136688232,0.00247812271118,0.0014271736145,0.00347685813904,0.010089635849,0.00442457199097,133,132,416,59,133,132,416,59,10508,6076,6104
UL_LAT_BD,1532583273.61,0.141991853714,0.0460047721863,0.00487375259399,0.0251128673553,0.016268491745,0.00301027297974,0.00733470916748,0.00859141349792,0.000527143478394,0.00254201889038,0.00144934654236,0.00347685813904,0.0102047920227,0.00447750091553,135,134,422,60,135,134,422,60,10676,6172,6188
UL_LAT_BD,1532583274.11,0.143941879272,0.0465798377991,0.00489974021912,0.0253098011017,0.0164175033569,0.00304746627808,0.00743842124939,0.00863647460938,0.000533103942871,0.00255990028381,0.00146341323853,0.00347685813904,0.0104641914368,0.0045485496521,137,136,432,61,137,136,432,61,10828,6260,6312
UL_LAT_BD,1532583275.16,0.147177934647,0.0483717918396,0.00494980812073,0.026077747345,0.0170722007751,0.00346732139587,0.00758671760559,0.00874257087708,0.000547170639038,0.00260901451111,0.00149035453796,0.00347685813904,0.0113503932953,0.00461554527283,140,139,440,62,140,139,440,62,11056,6392,6416
UL_LAT_BD,1532583275.71,0.148781061172,0.0490159988403,0.00498676300049,0.0264427661896,0.0172991752625,0.00357818603516,0.00768876075745,0.00887727737427,0.000554323196411,0.0026478767395,0.00151419639587,0.00352883338928,0.0115106105804,0.00468158721924,142,141,447,63,142,141,447,63,11224,6496,6520
UL_LAT_BD,1532583276.8,0.152018547058,0.0495359897614,0.00501561164856,0.0266947746277,0.0174884796143,0.00362038612366,0.00778269767761,0.00893616676331,0.000562429428101,0.00266790390015,0.00153303146362,0.00352883338928,0.0116519927979,0.00476670265198,144,143,454,64,144,143,454,64,11376,6584,6624
DL_LAT_BD,2017-03-03 16:14:19.062731,103,0,0,0
UL_LAT_BD,1532583277.49,0.153945446014,0.0507633686066,0.00504875183105,0.0269157886505,0.0176422595978,0.00366497039795,0.00787758827209,0.00899887084961,0.000569105148315,0.00269651412964,0.00155425071716,0.00352883338928,0.0125505924225,0.00481867790222,146,145,461,65,146,145,461,65,11544,6680,6724
UL_LAT_BD,1532583278.47,0.156312942505,0.0517778396606,0.00509667396545,0.0274837017059,0.0178673267365,0.0037317276001,0.00801682472229,0.00933694839478,0.000581026077271,0.00275850296021,0.00158858299255,0.00374293327332,0.0128221511841,0.00492453575134,149,148,467,66,149,148,467,66,11788,6820,6828
UL_LAT_BD,1532583279.54,0.157767057419,0.0522570610046,0.005122423172,0.0276877880096,0.0180034637451,0.00377416610718,0.00809955596924,0.00940203666687,0.00058913230896,0.00278639793396,0.0016086101532,0.00374293327332,0.012980222702,0.0050003528595,151,150,474,67,151,150,474,67,11940,6908,6948
