UL_LAT_BD,1532583202.9,0.00025200843811,8.53538513184e-05,0,0,0,0,0,0,0,0,0,0,3.00407409668e-05,5.19752502441e-05,0,0,2,1,0,0,2,1,0,0,100
UL_LAT_BD,1532583203.0,0.00226593017578,0.00150942802429,4.31537628174e-05,0.00117969512939,0.00111675262451,0.000161409378052,0.000926733016968,1.90734863281e-05,1.12056732178e-05,0,0,0,0.00015664100647,0.000108957290649,3,3,9,2,3,3,9,2,244,140,204
UL_LAT_BD,1532583203.49,0.00414633750916,0.0019166469574,7.22408294678e-05,0.00133895874023,0.0012469291687,0.000199556350708,0.00100779533386,4.41074371338e-05,1.74045562744e-05,5.96046447754e-06,6.91413879395e-06,0,0.000299453735352,0.000166893005371,5,5,16,3,5,5,16,3,396,228,304
UL_LAT_BD,1532583204.67,0.00595927238464,0.0024561882019,0.000100135803223,0.00161385536194,0.00145792961121,0.000318765640259,0.00108885765076,0.000103235244751,2.55107879639e-05,1.90734863281e-05,3.38554382324e-05,0,0.000449419021606,0.000233888626099,7,7,24,4,7,7,24,4,548,324,408
UL_LAT_BD,1532583205.29,0.00759840011597,0.00303363800049,0.000130176544189,0.00183486938477,0.00161695480347,0.000364065170288,0.00118589401245,0.000162363052368,3.17096710205e-05,4.10079956055e-05,5.29289245605e-05,0,0.000607252120972,0.000385999679565,9,9,32,5,9,9,32,5,716,420,508
DL_LAT_BD,2017-03-03 16:14:13.062742,103,0,0,0
UL_LAT_BD,1532583206.3,0.00979709625244,0.00377058982849,0.000169992446899,0.0022497177124,0.00183081626892,0.000427007675171,0.00131845474243,0.00035834312439,3.88622283936e-05,9.51290130615e-05,8.60691070557e-05,8.39233398438e-05,0.000795364379883,0.000464200973511,12,12,40,6,12,12,40,6,960,560,612
UL_LAT_BD,1532583206.91,0.0114867687225,0.00439739227295,0.000197172164917,0.00263071060181,0.0021378993988,0.000609874725342,0.00143146514893,0.000428438186646,4.6968460083e-05,0.000125169754028,0.000108242034912,8.39233398438e-05,0.000933408737183,0.00052809715271,14,14,47,7,14,14,47,7,1112,648,712
UL_LAT_BD,1532583207.76,0.0130183696747,0.00489544868469,0.000222206115723,0.00283694267273,0.00227308273315,0.000650882720947,0.00151324272156,0.000495195388794,5.67436218262e-05,0.000149965286255,0.000131368637085,8.39233398438e-05,0.00113654136658,0.000578165054321,16,16,53,8,16,16,53,8,1264,736,816
UL_LAT_BD,1532583208.36,0.0146081447601,0.0058491230011,0.000260353088379,0.00311088562012,0.00247693061829,0.00070595741272,0.00161147117615,0.000562429428101,6.36577606201e-05,0.000181913375854,0.000150203704834,8.39233398438e-05,0.00127029418945,0.0010712146759,18,18,60,9,18,18,60,9,1432,832,916
UL_LAT_BD,1532583209.27,0.016309261322,0.00662422180176,0.000300407409668,0.0034658908844,0.00266695022583,0.000763416290283,0.00172519683838,0.000720262527466,7.12871551514e-05,0.000236749649048,0.000185489654541,0.000127792358398,0.00151610374451,0.00118637084961,21,21,66,10,21,21,66,10,1660,964,1020
UL_LAT_BD,1532583210.02,0.0179560184479,0.00712966918945,0.000328302383423,0.00368881225586,0.00282883644104,0.000813245773315,0.00182271003723,0.000777006149292,7.82012939453e-05,0.000257730484009,0.000205516815186,0.000127792358398,0.00168228149414,0.00126051902771,23,23,72,11,23,23,72,11,1828,1060,1140
UL_LAT_BD,1532583210.5,0.0196409225464,0.00759935379028,0.000354290008545,0.00387382507324,0.00295186042786,0.000851631164551,0.00189757347107,0.000834941864014,8.32080841064e-05,0.000285625457764,0.000224590301514,0.000127792358398,0.00185322761536,0.00133156776428,25,25,81,12,25,25,81,12,1980,1148,1244
UL_LAT_BD,1532583211.27,0.0215413570404,0.00892210006714,0.000394344329834,0.00483703613281,0.00374603271484,0.00113558769226,0.00239062309265,0.000997543334961,9.51290130615e-05,0.000341415405273,0.000257253646851,0.000174760818481,0.0020170211792,0.0013964176178,28,28,86,13,28,28,86,13,2224,1288,1344
UL_LAT_BD,1532583211.88,0.0231094360352,0.00951600074768,0.000419616699219,0.00511193275452,0.00389194488525,0.00117921829224,0.00248074531555,0.00112247467041,0.000102043151855,0.000438451766968,0.000270128250122,0.000174760818481,0.00222611427307,0.00146436691284,30,30,94,14,30,30,94,14,2376,1384,1448
DL_LAT_BD,2017-03-03 16:14:14.061989,103,0,0,0
