UL_LAT_BD,2017-03-03 16:16:18.162974,1.40710449219,0.803930282593,0.0417087078094,0.23370552063,0.151260137558,0.0413088798523,0.0908932685852,0.0791087150574,0.00513505935669,0.0291128158569,0.0169675350189,0.0198884010315,0.14231300354,0.372559785843,2801,2795,8993,1230,2801,2795,8993,1230,222768,129068,129168
DL_LAT_BD,2017-03-03 16:16:18.262735,74,0,0,0
DL_LAT_BD,2017-03-03 16:16:18.262735,74,0,0,0
UL_LAT_BD,2017-03-03 16:16:18.265032,1.4081902504,0.804279565811,0.0417387485504,0.23390173912,0.151394367218,0.0413465499878,0.0909779071808,0.0791673660278,0.00513887405396,0.0291347503662,0.0169725418091,0.0199115276337,0.142372846603,0.372614860535,2803,2797,8999,1231,2803,2797,8999,1231,223056,129212,129336
DL_LAT_BD,2017-03-03 16:16:18.311917,531,0,0,0
DL_LAT_BD,2017-03-03 16:16:18.311917,129,0,0,0
DL_LAT_BD,2017-03-03 16:16:18.311917,108,0,0,0
UL_LAT_BD,2017-03-03 16:16:18.366934,1.40935826302,0.804773807526,0.0417659282684,0.234153985977,0.151568412781,0.0413994789124,0.0910861492157,0.0792436599731,0.0051441192627,0.029144525528,0.0170285701752,0.0199115276337,0.142441511154,0.37266087532,2806,2800,9005,1232,2806,2800,9005,1232,223352,129388,129472
UL_LAT_BD,2017-03-03 16:16:18.469056,1.41007375717,0.804993152618,0.0417809486389,0.23425412178,0.15164232254,0.0414204597473,0.0911328792572,0.0792689323425,0.00514841079712,0.0291526317596,0.0170385837555,0.0199115276337,0.14250254631,0.372694969177,2808,2802,9011,1233,2808,2802,9011,1233,223504,129476,129576
UL_LAT_BD,2017-03-03 16:16:18.570842,1.41087269783,0.805254936218,0.041797876358,0.234384059906,0.151742458344,0.041449546814,0.0911951065063,0.079295873642,0.00515222549438,0.0291604995728,0.017050743103,0.0199115276337,0.142568826675,0.372735977173,2810,2804,9017,1234,2810,2804,9017,1234,223672,129572,129676
UL_LAT_BD,2017-03-03 16:16:18.672917,1.41174530983,0.805594682693,0.0418128967285,0.234578132629,0.151839494705,0.0414755344391,0.091254234314,0.0793888568878,0.00515937805176,0.0291962623596,0.0170676708221,0.0199375152588,0.142662525177,0.372767925262,2812,2806,9025,1235,2812,2806,9025,1235,223824,129660,129780
UL_LAT_BD,2017-03-03 16:16:18.775124,1.41289305687,0.805989265442,0.0418391227722,0.234769105911,0.151970624924,0.0415167808533,0.0913348197937,0.0794439315796,0.00516438484192,0.0292232036591,0.0170848369598,0.0199375152588,0.142783880234,0.372814893723,2815,2809,9032,1236,2815,2809,9032,1236,224068,129800,129880
UL_LAT_BD,2017-03-03 16:16:18.876973,1.41376304626,0.806245326996,0.0418519973755,0.234876155853,0.152043581009,0.0415387153625,0.0913827419281,0.0794761180878,0.00516748428345,0.0292391777039,0.0170948505402,0.0199375152588,0.142866134644,0.372861862183,2817,2811,9039,1237,2817,2811,9039,1237,224220,129888,129984
UL_LAT_BD,2017-03-03 16:16:18.978940,1.41483235359,0.806619882584,0.0418701171875,0.235108137131,0.152127504349,0.0415647029877,0.091433763504,0.0796222686768,0.00516963005066,0.0292630195618,0.0171070098877,0.0200364589691,0.142952442169,0.372895956039,2819,2813,9046,1238,2819,2813,9046,1238,224388,129984,130084
UL_LAT_BD,2017-03-03 16:16:19.080813,1.41578650475,0.806889772415,0.0418848991394,0.235237121582,0.152212381363,0.0415904521942,0.0914878845215,0.0796632766724,0.00517463684082,0.0292842388153,0.0171189308167,0.0200364589691,0.143034696579,0.372931003571,2821,2815,9052,1239,2821,2815,9052,1239,224540,130080,130188
UL_LAT_BD,2017-03-03 16:16:19.182951,1.41697239876,0.807243108749,0.0419096946716,0.235418081284,0.152346372604,0.041622877121,0.0915760993958,0.0797071456909,0.00517892837524,0.0293030738831,0.0171339511871,0.0200364589691,0.143132925034,0.37296795845,2824,2818,9060,1240,2824,2818,9060,1240,224784,130220,130308
DL_LAT_BD,2017-03-03 16:16:19.062740,103,0,0,0
UL_LAT_BD,2017-03-03 16:16:19.285056,1.41793823242,0.807553052902,0.0419266223907,0.23556804657,0.152454137802,0.0416510105133,0.0916481018066,0.0797474384308,0.00518298149109,0.0293219089508,0.0171449184418,0.0200364589691,0.143233060837,0.373003005981,2826,2820,9068,1241,2826,2820,9068,1241,224952,130316,130412
UL_LAT_BD,2017-03-03 16:16:19.386939,1.41896939278,0.80787229538,0.0419437885284,0.235731363297,0.152534484863,0.0416762828827,0.0916979312897,0.0798282623291,0.00518584251404,0.0293469429016,0.0171599388123,0.0200686454773,0.1433198452,0.373044013977,2828,2822,9075,1242,2828,2822,9075,1242,225104,130404,130512
UL_LAT_BD,2017-03-03 16:16:19.489055,1.41992926598,0.808184623718,0.0419728755951,0.235904455185,0.152654647827,0.0417115688324,0.0917730331421,0.079879283905,0.00519204139709,0.0293700695038,0.0171730518341,0.0200686454773,0.143393993378,0.373075008392,2831,2825,9080,1243,2831,2825,9080,1243,225332,130536,130596
UL_LAT_BD,2017-03-03 16:16:19.590835,1.42089653015,0.808470726013,0.0419869422913,0.236026525497,0.152741670609,0.0417366027832,0.091826915741,0.0799112319946,0.00519609451294,0.02938580513,0.0171830654144,0.0200686454773,0.143483877182,0.373127937317,2833,2827,9088,1244,2833,2827,9088,1244,225500,130632,130696
UL_LAT_BD,2017-03-03 16:16:19.692973,1.4218070507,0.808819770813,0.0420010089874,0.236217260361,0.152836561203,0.0417635440826,0.0918850898743,0.0800042152405,0.00519990921021,0.0294146537781,0.0172011852264,0.0201027393341,0.143570184708,0.373177051544,2835,2829,9095,1245,2835,2829,9095,1245,225652,130720,130820
UL_LAT_BD,2017-03-03 16:16:19.795040,1.42289352417,0.809186220169,0.0420172214508,0.236374378204,0.152955770493,0.0417959690094,0.0919659137726,0.0800392627716,0.00520396232605,0.0294327735901,0.0172119140625,0.0201027393341,0.143686294556,0.373210191727,2837,2831,9104,1246,2837,2831,9104,1246,225820,130816,130920
UL_LAT_BD,2017-03-03 16:16:19.896972,1.42390346527,0.809604644775,0.0420393943787,0.236569643021,0.153101921082,0.0418317317963,0.0920667648315,0.0800852775574,0.00520825386047,0.0294535160065,0.0172259807587,0.0201027393341,0.143841505051,0.373246192932,2840,2834,9113,1247,2840,2834,9113,1247,226064,130956,131044
UL_LAT_BD,2017-03-03 16:16:19.998102,1.42477416992,0.809877634048,0.0420532226562,0.236688613892,0.15317606926,0.0418536663055,0.092111825943,0.0801291465759,0.00521516799927,0.0294764041901,0.0172369480133,0.0201027393341,0.143942117691,0.373278141022,2842,2836,9120,1248,2842,2836,9120,1248,226216,131044,131128
UL_LAT_BD,2017-03-03 16:16:20.100831,1.42577981949,0.810188055038,0.0420782566071,0.236830711365,0.153249025345,0.0418746471405,0.092157125473,0.0801973342896,0.00521922111511,0.0294981002808,0.0172498226166,0.0201256275177,0.144040584564,0.373314142227,2844,2838,9128,1249,2844,2838,9128,1249,226368,131140,131232
DL_LAT_BD,2017-03-03 16:16:20.062734,103,0,0,0
UL_LAT_BD,2017-03-03 16:16:20.202976,1.42674970627,0.810491085052,0.0421001911163,0.236974716187,0.153357028961,0.0419085025787,0.092223405838,0.0802302360535,0.00522351264954,0.0295119285583,0.0172607898712,0.0201256275177,0.144127607346,0.373356103897,2846,2840,9136,1250,2846,2840,9136,1250,226536,131244,131368
UL_LAT_BD,2017-03-03 16:16:20.305055,1.4277613163,0.810846090317,0.0421261787415,0.237178564072,0.153474092484,0.0419414043427,0.0922966003418,0.0803141593933,0.0052285194397,0.0295381546021,0.0173020362854,0.0201256275177,0.144203662872,0.373396158218,2849,2843,9141,1251,2849,2843,9141,1251,226764,131376,131472
UL_LAT_BD,2017-03-03 16:16:20.405773,1.42849755287,0.811141014099,0.0421431064606,0.237332582474,0.153584003448,0.0419788360596,0.0923595428467,0.0803561210632,0.00523066520691,0.029559135437,0.01731300354,0.0201256275177,0.144262552261,0.373455047607,2851,2845,9146,1252,2851,2845,9146,1252,226932,131492,131592
UL_LAT_BD,2017-03-03 16:16:20.509052,1.42938685417,0.811450719833,0.0421631336212,0.237457513809,0.153667211533,0.0420031547546,0.092410326004,0.0803978443146,0.00523447990417,0.0295779705048,0.0173232555389,0.0201256275177,0.144349098206,0.37352514267,2853,2847,9153,1253,2853,2847,9153,1253,227084,131580,131696
UL_LAT_BD,2017-03-03 16:16:20.610816,1.43096971512,0.811745882034,0.0421781539917,0.23757648468,0.15375328064,0.0420291423798,0.0924642086029,0.0804297924042,0.00523662567139,0.0295910835266,0.0173342227936,0.0201256275177,0.144463300705,0.373558998108,2855,2849,9161,1254,2855,2849,9161,1254,227252,131676,131796
