UL_LAT_BD,2017-03-03 16:16:31.422997,1.55075550079,0.856725931168,0.0459914207458,0.260053634644,0.167535305023,0.0467848777771,0.100436687469,0.088853597641,0.00578927993774,0.0318441390991,0.0187685489655,0.0236711502075,0.155030012131,0.37797164917,3096,3090,9956,1360,3096,3090,9956,1360,246384,142776,142860
UL_LAT_BD,2017-03-03 16:16:31.525044,1.55164432526,0.856991052628,0.0460076332092,0.260173559189,0.167619228363,0.0468106269836,0.10048866272,0.0888876914978,0.00579118728638,0.0318610668182,0.0187795162201,0.0236711502075,0.155117273331,0.378007650375,3098,3092,9964,1361,3098,3092,9964,1361,246552,142872,142964
UL_LAT_BD,2017-03-03 16:16:31.626951,1.55260920525,0.857396364212,0.0460214614868,0.260403394699,0.167714357376,0.0468366146088,0.100553750992,0.089022397995,0.00579500198364,0.0318849086761,0.0187938213348,0.0237600803375,0.15521979332,0.378054618835,3100,3094,9973,1362,3100,3094,9973,1362,246704,142960,143048
UL_LAT_BD,2017-03-03 16:16:31.729044,1.55395436287,0.857766628265,0.0460476875305,0.260592460632,0.167845487595,0.0468783378601,0.100633621216,0.0890760421753,0.00579786300659,0.031909942627,0.0188117027283,0.0237600803375,0.15532708168,0.378087759018,3103,3097,9981,1363,3103,3097,9981,1363,246932,143092,143152
UL_LAT_BD,2017-03-03 16:16:31.830922,1.55485343933,0.858064889908,0.046062707901,0.260712146759,0.167931318283,0.046905040741,0.10068655014,0.0891098976135,0.0058000087738,0.0319237709045,0.0188217163086,0.0237600803375,0.155439853668,0.378125667572,3105,3099,9990,1364,3105,3099,9990,1364,247100,143188,143252
UL_LAT_BD,2017-03-03 16:16:31.932996,1.55589127541,0.858380079269,0.0460777282715,0.260856151581,0.168005228043,0.0469250679016,0.100733757019,0.0891790390015,0.00580310821533,0.0319468975067,0.0188355445862,0.0237829685211,0.155546426773,0.378164768219,3107,3101,9998,1365,3107,3101,9998,1365,247252,143276,143376
UL_LAT_BD,2017-03-03 16:16:32.035027,1.5568716526,0.858684539795,0.0460946559906,0.260996341705,0.168099164963,0.0469543933868,0.100791692734,0.08922123909,0.00580620765686,0.0319650173187,0.0188505649567,0.0237829685211,0.155648946762,0.378198623657,3109,3103,10007,1366,3109,3103,10007,1366,247420,143372,143480
UL_LAT_BD,2017-03-03 16:16:32.136940,1.55792164803,0.859007358551,0.0461134910583,0.261165380478,0.168213129044,0.0469884872437,0.100864648819,0.0892713069916,0.00581049919128,0.0319879055023,0.0188663005829,0.0237829685211,0.155744791031,0.378227472305,3112,3106,10016,1367,3112,3106,10016,1367,247648,143512,143564
DL_LAT_BD,2017-03-03 16:16:32.061964,103,0,0,0
UL_LAT_BD,2017-03-03 16:16:32.239052,1.55884838104,0.859354257584,0.0461406707764,0.261324167252,0.168325901031,0.0470187664032,0.100933790207,0.0893142223358,0.00581550598145,0.0320088863373,0.0188794136047,0.0237829685211,0.155849695206,0.378273487091,3114,3108,10023,1368,3114,3108,10023,1368,247816,143608,143664
UL_LAT_BD,2017-03-03 16:16:32.340828,1.5597178936,0.862309217453,0.0461547374725,0.261546134949,0.16840672493,0.0470404624939,0.100983858109,0.0894544124603,0.00581884384155,0.0320336818695,0.0188927650452,0.0238738059998,0.155938863754,0.380893468857,3116,3110,10029,1369,3116,3110,10029,1369,247968,143696,143788
UL_LAT_BD,2017-03-03 16:16:32.442974,1.56072711945,0.86261677742,0.0461776256561,0.261680364609,0.168506622314,0.0470683574677,0.101045608521,0.0894865989685,0.00582194328308,0.0320465564728,0.0189046859741,0.0238738059998,0.156034469604,0.380939483643,3118,3112,10036,1370,3118,3112,10036,1370,248136,143792,143888
UL_LAT_BD,2017-03-03 16:16:32.545033,1.5619494915,0.863035678864,0.0461995601654,0.261893749237,0.168654680252,0.0471084117889,0.101145744324,0.0895473957062,0.00582981109619,0.0320754051208,0.0189228057861,0.0238738059998,0.156149625778,0.380999326706,3121,3115,10043,1371,3121,3115,10043,1371,248364,143924,143992
UL_LAT_BD,2017-03-03 16:16:32.646994,1.5627477169,0.86331486702,0.0462167263031,0.262038946152,0.168728590012,0.0471312999725,0.101191997528,0.0896153450012,0.00583267211914,0.0320935249329,0.0189347267151,0.0239057540894,0.156229496002,0.381031513214,3123,3117,10050,1372,3123,3117,10050,1372,248516,144012,144076
UL_LAT_BD,2017-03-03 16:16:32.749081,1.56448793411,0.863609552383,0.0462334156036,0.262171983719,0.168819665909,0.047158241272,0.101248025894,0.0896553993225,0.00583672523499,0.0321135520935,0.0189456939697,0.0239057540894,0.156326055527,0.381066322327,3125,3119,10057,1373,3125,3119,10057,1373,248684,144108,144180
UL_LAT_BD,2017-03-03 16:16:32.850844,1.5682618618,0.86389708519,0.0462474822998,0.262279033661,0.168895721436,0.0471782684326,0.101294994354,0.0896854400635,0.00584077835083,0.0321245193481,0.01895570755,0.0239057540894,0.156448841095,0.381099224091,3127,3121,10066,1374,3127,3121,10066,1374,248836,144196,144280
UL_LAT_BD,2017-03-03 16:16:32.952972,1.56932115555,0.864505290985,0.0465297698975,0.262461900711,0.169021606445,0.047215461731,0.101374149323,0.089738368988,0.0058445930481,0.0321505069733,0.0189707279205,0.0239057540894,0.15653181076,0.381149291992,3130,3124,10073,1375,3130,3124,10073,1375,249080,144336,144420
UL_LAT_BD,2017-03-03 16:16:33.055124,1.57023096085,0.864883899689,0.0466148853302,0.262620687485,0.169107675552,0.0472416877747,0.101427078247,0.089809179306,0.00584840774536,0.0321717262268,0.0189845561981,0.0239326953888,0.156619310379,0.381184339523,3132,3126,10081,1376,3132,3126,10081,1376,249248,144432,144520
DL_LAT_BD,2017-03-03 16:16:33.062732,103,0,0,0
UL_LAT_BD,2017-03-03 16:16:33.156987,1.57105779648,0.865126609802,0.0466289520264,0.262731790543,0.169185638428,0.0472667217255,0.1014752388,0.089839220047,0.0058536529541,0.0321834087372,0.0189967155457,0.0239326953888,0.156694173813,0.38121843338,3134,3128,10087,1377,3134,3128,10087,1377,249400,144528,144624
UL_LAT_BD,2017-03-03 16:16:33.259006,1.5721719265,0.86546421051,0.0466520786285,0.262909650803,0.169306516647,0.0473058223724,0.101552009583,0.0898942947388,0.00585842132568,0.0322096347809,0.0190126895905,0.0239326953888,0.156783819199,0.381253480911,3137,3131,10095,1378,3137,3131,10095,1378,249628,144660,144724
UL_LAT_BD,2017-03-03 16:16:33.360383,1.57331800461,0.865901231766,0.0466732978821,0.263158321381,0.169392347336,0.047333240509,0.101605415344,0.0900552272797,0.00586128234863,0.0322453975677,0.0190267562866,0.024035692215,0.156862258911,0.381335496902,3139,3133,10101,1379,3139,3133,10101,1379,249796,144756,144828
UL_LAT_BD,2017-03-03 16:16:33.462965,1.57417941093,0.866174697876,0.0466871261597,0.263281106949,0.169474124908,0.0473570823669,0.10165643692,0.0900921821594,0.00586605072021,0.0322635173798,0.0190386772156,0.024035692215,0.15694642067,0.381378650665,3141,3135,10108,1380,3141,3135,10108,1380,249948,144844,144948
UL_LAT_BD,2017-03-03 16:16:33.565149,1.57510113716,0.866463899612,0.0467081069946,0.263416290283,0.169574260712,0.0473852157593,0.101722002029,0.0901253223419,0.00586915016174,0.0322754383087,0.0190498828888,0.024035692215,0.157039403915,0.381408691406,3143,3137,10115,1381,3143,3137,10115,1381,250116,144940,145032
