UL_LAT_BD,2017-03-03 16:15:44.605061,1.02545285225,0.66566824913,0.0304667949677,0.166241407394,0.106331825256,0.0297267436981,0.0626773834229,0.0575044155121,0.00356435775757,0.021098613739,0.0124447345734,0.0144557952881,0.105308532715,0.353400945663,2055,2049,6561,901,2055,2049,6561,901,163356,94648,94828
UL_LAT_BD,2017-03-03 16:15:44.706838,1.02946162224,0.666486978531,0.0305008888245,0.166901350021,0.106877803802,0.0297744274139,0.0631659030914,0.0576155185699,0.00362515449524,0.0211255550385,0.0124595165253,0.0144557952881,0.105391740799,0.353434085846,2058,2052,6568,902,2058,2052,6568,902,163632,94800,94928
DL_LAT_BD,2017-03-03 16:15:44.512748,74,0,0,0
DL_LAT_BD,2017-03-03 16:15:44.512748,74,0,0,0
DL_LAT_BD,2017-03-03 16:15:44.562723,589,8,0,0
DL_LAT_BD,2017-03-03 16:15:44.562723,1282,8,0,0
DL_LAT_BD,2017-03-03 16:15:44.562723,610,8,0,0
UL_LAT_BD,2017-03-03 16:15:44.809048,1.03076958656,0.666783571243,0.0305159091949,0.167059183121,0.106956720352,0.0298054218292,0.06320977211,0.057692527771,0.00362706184387,0.0211575031281,0.0124726295471,0.0144777297974,0.105475664139,0.35346698761,2060,2054,6575,903,2060,2054,6575,903,163784,94888,95032
UL_LAT_BD,2017-03-03 16:15:44.910820,1.03164124489,0.667028427124,0.0305318832397,0.167176246643,0.107042789459,0.0298326015472,0.063262462616,0.0577204227448,0.00362992286682,0.0211684703827,0.0124816894531,0.0144777297974,0.105547428131,0.353500127792,2062,2056,6581,904,2062,2056,6581,904,163952,94984,95132
UL_LAT_BD,2017-03-03 16:15:45.012958,1.03255224228,0.667266130447,0.0305459499359,0.167284965515,0.107113838196,0.0298542976379,0.0633075237274,0.0577552318573,0.00363183021545,0.021187543869,0.0124907493591,0.0144777297974,0.105623245239,0.353531122208,2064,2058,6588,905,2064,2058,6588,905,164104,95072,95236
DL_LAT_BD,2017-03-03 16:15:45.061814,103,0,0,0
UL_LAT_BD,2017-03-03 16:15:45.115063,1.0337908268,0.667637109756,0.0305716991425,0.167476177216,0.107225894928,0.0298886299133,0.0633766651154,0.057831287384,0.0036358833313,0.0212125778198,0.0125076770782,0.0145008563995,0.105730295181,0.353567123413,2067,2061,6596,906,2067,2061,6596,906,164332,95212,95340
UL_LAT_BD,2017-03-03 16:15:45.216945,1.03512072563,0.667936325073,0.0305867195129,0.167631149292,0.107338905334,0.0299174785614,0.0634515285492,0.0578722953796,0.00363898277283,0.0212347507477,0.0125186443329,0.0145008563995,0.105815410614,0.353602170944,2069,2063,6603,907,2069,2063,6603,907,164500,95308,95444
UL_LAT_BD,2017-03-03 16:15:45.319007,1.03589916229,0.66819524765,0.0306026935577,0.16774392128,0.107417821884,0.0299410820007,0.0635011196136,0.0579042434692,0.00364184379578,0.0212466716766,0.0125305652618,0.0145008563995,0.105888366699,0.353649377823,2071,2065,6609,908,2071,2065,6609,908,164652,95396,95544
UL_LAT_BD,2017-03-03 16:15:45.420840,1.03687977791,0.668599367142,0.0307455062866,0.167861938477,0.107501745224,0.0299663543701,0.0635538101196,0.0579373836517,0.0036461353302,0.0212614536285,0.0125405788422,0.0145008563995,0.105983257294,0.353687286377,2073,2067,6617,909,2073,2067,6617,909,164820,95492,95648
UL_LAT_BD,2017-03-03 16:15:45.522956,1.03816533089,0.66924571991,0.0309402942657,0.168073177338,0.107622623444,0.030002117157,0.0636293888092,0.058021068573,0.00364995002747,0.0212914943695,0.0125575065613,0.0145268440247,0.106093168259,0.353719234467,2076,2070,6625,910,2076,2070,6625,910,165064,95632,95748
UL_LAT_BD,2017-03-03 16:15:45.625063,1.04067564011,0.669720411301,0.0310125350952,0.168340921402,0.107842445374,0.0301671028137,0.0636785030365,0.0580680370331,0.00365495681763,0.0213022232056,0.0125825405121,0.0145268440247,0.106183052063,0.353753089905,2078,2072,6632,911,2078,2072,6632,911,165216,95720,95852
UL_LAT_BD,2017-03-03 16:15:45.726939,1.04162573814,0.669963598251,0.0310275554657,0.168448925018,0.107914447784,0.0301880836487,0.0637233257294,0.0581021308899,0.00365710258484,0.0213193893433,0.0125925540924,0.0145268440247,0.106261014938,0.353785991669,2080,2074,6639,912,2080,2074,6639,912,165368,95808,95952
UL_LAT_BD,2017-03-03 16:15:45.829045,1.04334831238,0.671418428421,0.0310595035553,0.16970705986,0.108038425446,0.0302271842957,0.0638000965118,0.0592322349548,0.00366020202637,0.0213761329651,0.0126116275787,0.0155708789825,0.106369495392,0.353832006454,2083,2077,6646,913,2083,2077,6646,913,165612,95948,96056
UL_LAT_BD,2017-03-03 16:15:45.930829,1.04456281662,0.671727657318,0.0310924053192,0.169826030731,0.108117580414,0.0302512645721,0.0638513565063,0.0592691898346,0.00366306304932,0.0213942527771,0.0126225948334,0.0155708789825,0.106479167938,0.353869915009,2085,2079,6653,914,2085,2079,6653,914,165764,96036,96156
UL_LAT_BD,2017-03-03 16:15:46.032941,1.04569506645,0.672030448914,0.0311143398285,0.169963121414,0.108218669891,0.0302801132202,0.0639164447784,0.0593023300171,0.00366616249084,0.0214080810547,0.0126338005066,0.0155708789825,0.1065762043,0.353909015656,2087,2081,6659,915,2087,2081,6659,915,165932,96132,96260
UL_LAT_BD,2017-03-03 16:15:46.135130,1.04664325714,0.672286987305,0.0311305522919,0.170080900192,0.108303546906,0.0303037166595,0.0639698505402,0.0593342781067,0.00366902351379,0.0214242935181,0.0126438140869,0.0155708789825,0.106654167175,0.35394692421,2089,2083,6666,916,2089,2083,6666,916,166100,96236,96360
UL_LAT_BD,2017-03-03 16:15:46.236931,1.04774785042,0.672720909119,0.0311553478241,0.170366048813,0.108449697495,0.0303416252136,0.0640721321106,0.0594692230225,0.00367307662964,0.021463394165,0.0126657485962,0.0156288146973,0.106738328934,0.353979825974,2092,2086,6674,917,2092,2086,6674,917,166328,96368,96464
DL_LAT_BD,2017-03-03 16:15:46.062736,103,0,0,0
UL_LAT_BD,2017-03-03 16:15:46.338985,1.04859495163,0.672994852066,0.0311722755432,0.170503854752,0.108531475067,0.0303664207458,0.0641231536865,0.0595233440399,0.00367498397827,0.0215084552765,0.0126678943634,0.0156288146973,0.106817722321,0.354012727737,2094,2088,6682,918,2094,2088,6682,918,166496,96464,96564
UL_LAT_BD,2017-03-03 16:15:46.440840,1.0494658947,0.673234701157,0.031188249588,0.170611858368,0.108611345291,0.0303893089294,0.0641725063324,0.059549331665,0.0036792755127,0.0215253829956,0.012669801712,0.0156288146973,0.106889724731,0.354048728943,2096,2090,6687,919,2096,2090,6687,919,166648,96552,96668
UL_LAT_BD,2017-03-03 16:15:46.542951,1.05062794685,0.673505306244,0.031219959259,0.170711755753,0.108688354492,0.0304152965546,0.0642204284668,0.0595703125,0.00368213653564,0.0215365886688,0.0126707553864,0.0156288146973,0.106986999512,0.3540828228,2098,2092,6695,920,2098,2092,6695,920,166800,96640,96768
UL_LAT_BD,2017-03-03 16:15:46.645150,1.05162620544,0.676316738129,0.0312421321869,0.173353672028,0.11124420166,0.030463218689,0.0643146038055,0.0596504211426,0.00369119644165,0.0215604305267,0.012708902359,0.0156288146973,0.107086896896,0.354120731354,2101,2095,6703,921,2101,2095,6703,921,167044,96780,96892
