UL_LAT_BD,2017-03-03 16:15:52.969052,1.11587977409,0.703821659088,0.0335409641266,0.184532403946,0.118453025818,0.0327174663544,0.0687141418457,0.0634782314301,0.00417375564575,0.0228562355042,0.0135123729706,0.0165319442749,0.113184690475,0.361481428146,2241,2235,7167,983,2241,2235,7167,983,178148,103220,103348
UL_LAT_BD,2017-03-03 16:15:53.070821,1.11693787575,0.704230546951,0.0336329936981,0.184700489044,0.118540048599,0.0327417850494,0.0687699317932,0.0635552406311,0.00417685508728,0.0228819847107,0.0135266780853,0.0165619850159,0.113282203674,0.361525297165,2243,2237,7174,984,2243,2237,7174,984,178300,103316,103452
DL_LAT_BD,2017-03-03 16:15:53.062744,103,0,0,0
UL_LAT_BD,2017-03-03 16:15:53.172932,1.11802959442,0.704669237137,0.0337829589844,0.184866666794,0.118659973145,0.0327792167664,0.0688438415527,0.0635983943939,0.00418090820312,0.022901058197,0.0135405063629,0.0165619850159,0.113366127014,0.361557245255,2246,2240,7181,985,2246,2240,7181,985,178544,103456,103556
UL_LAT_BD,2017-03-03 16:15:53.275093,1.1189520359,0.705044984818,0.0338079929352,0.185091495514,0.118759870529,0.0328097343445,0.0689067840576,0.0637214183807,0.00418591499329,0.022922039032,0.0135524272919,0.0165619850159,0.113442182541,0.361597299576,2248,2242,7188,986,2248,2242,7188,986,178696,103544,103656
UL_LAT_BD,2017-03-03 16:15:53.376931,1.11998844147,0.705345392227,0.0338282585144,0.18522143364,0.118851900101,0.0328376293182,0.0689656734467,0.0637574195862,0.00418782234192,0.0229392051697,0.0135633945465,0.0165619850159,0.113540172577,0.361641168594,2250,2244,7196,987,2250,2244,7196,987,178864,103640,103760
UL_LAT_BD,2017-03-03 16:15:53.479072,1.12117981911,0.705765247345,0.0338540077209,0.1854596138,0.11897611618,0.0328741073608,0.0690414905548,0.0638675689697,0.00419282913208,0.022976398468,0.0135846138,0.0165989398956,0.113647460938,0.3616771698,2253,2247,7203,988,2253,2247,7203,988,179092,103772,103880
UL_LAT_BD,2017-03-03 16:15:53.580819,1.12221264839,0.706068515778,0.0338678359985,0.185596466064,0.119079113007,0.0328998565674,0.0691115856171,0.0638995170593,0.00419592857361,0.0229885578156,0.0135955810547,0.0165989398956,0.113755464554,0.361710309982,2255,2249,7212,989,2255,2249,7212,989,179244,103860,103984
UL_LAT_BD,2017-03-03 16:15:53.682979,1.1233022213,0.706429958344,0.033894777298,0.185760498047,0.119197130203,0.0329308509827,0.069189786911,0.0639445781708,0.00420022010803,0.0230095386505,0.0136094093323,0.0165989398956,0.113868951797,0.361756324768,2257,2251,7220,990,2257,2251,7220,990,179412,103956,104084
UL_LAT_BD,2017-03-03 16:15:53.785173,1.12430334091,0.706842184067,0.0339856147766,0.185928583145,0.119284152985,0.0329568386078,0.0692439079285,0.0640215873718,0.00420331954956,0.0230355262756,0.0136253833771,0.0166261196136,0.1139793396,0.361791133881,2259,2253,7228,991,2259,2253,7228,991,179564,104044,104188
UL_LAT_BD,2017-03-03 16:15:53.887043,1.12929821014,0.707237958908,0.0340118408203,0.186117649078,0.119421243668,0.0329988002777,0.0693290233612,0.0640685558319,0.00421023368835,0.0230574607849,0.0136413574219,0.0166261196136,0.114094257355,0.361845970154,2262,2256,7236,992,2262,2256,7236,992,179808,104184,104288
UL_LAT_BD,2017-03-03 16:15:53.988989,1.13010931015,0.707478523254,0.0340268611908,0.186237812042,0.119501113892,0.0330216884613,0.0693790912628,0.0641076564789,0.00421357154846,0.023077249527,0.0136523246765,0.0166261196136,0.11415719986,0.361879110336,2264,2258,7242,993,2264,2258,7242,993,179960,104272,104392
DL_LAT_BD,2017-03-03 16:15:54.061826,103,0,0,0
UL_LAT_BD,2017-03-03 16:15:54.090820,1.1311686039,0.707842826843,0.0340430736542,0.186360836029,0.119589328766,0.0330469608307,0.069433927536,0.0641405582428,0.00421547889709,0.0230934619904,0.0136623382568,0.0166261196136,0.114253282547,0.362001180649,2266,2260,7249,994,2266,2260,7249,994,180128,104376,104496
UL_LAT_BD,2017-03-03 16:15:54.192957,1.1319694519,0.708252191544,0.0341901779175,0.186501979828,0.119658470154,0.0330669879913,0.0694780349731,0.0642085075378,0.00421738624573,0.0231146812439,0.0136761665344,0.0166521072388,0.114335298538,0.362034320831,2268,2262,7256,995,2268,2262,7256,995,180280,104464,104600
UL_LAT_BD,2017-03-03 16:15:54.295107,1.13302350044,0.708560228348,0.0342121124268,0.186669826508,0.119775295258,0.0331017971039,0.0695512294769,0.0642545223236,0.00422120094299,0.0231330394745,0.0136911869049,0.0166521072388,0.114414215088,0.362065315247,2271,2265,7263,996,2271,2265,7263,996,180524,104604,104700
UL_LAT_BD,2017-03-03 16:15:54.396927,1.13395881653,0.708867073059,0.0342829227448,0.186778783798,0.119848251343,0.0331208705902,0.0695960521698,0.0642893314362,0.00422501564026,0.0231530666351,0.0136992931366,0.0166521072388,0.114497184753,0.362100362778,2273,2267,7270,997,2273,2267,7270,997,180676,104692,104804
UL_LAT_BD,2017-03-03 16:15:54.499052,1.13473010063,0.709138393402,0.034295797348,0.186928033829,0.11992430687,0.0331449508667,0.0696432590485,0.0643594264984,0.00422692298889,0.0231738090515,0.0137133598328,0.0166790485382,0.114566326141,0.36213350296,2275,2269,7276,998,2275,2269,7276,998,180828,104780,104904
UL_LAT_BD,2017-03-03 16:15:54.600839,1.13551044464,0.709434509277,0.0343098640442,0.18704533577,0.120006561279,0.0331702232361,0.0696940422058,0.064391374588,0.00422978401184,0.0231907367706,0.0137221813202,0.0166790485382,0.114626169205,0.362167358398,2277,2271,7282,999,2277,2271,7282,999,180996,104876,105008
UL_LAT_BD,2017-03-03 16:15:54.702944,1.13995456696,0.709855556488,0.0343389511108,0.187209129333,0.120124578476,0.0332007408142,0.069765329361,0.0644352436066,0.004234790802,0.0232095718384,0.0137362480164,0.0166790485382,0.114754199982,0.362201452255,2280,2274,7290,1000,2280,2274,7290,1000,181240,105016,105108
UL_LAT_BD,2017-03-03 16:15:54.805133,1.14077591896,0.710098743439,0.0343520641327,0.187319040298,0.120200634003,0.0332226753235,0.0698125362396,0.0644681453705,0.00423860549927,0.0232257843018,0.0137453079224,0.0166790485382,0.114829301834,0.362234592438,2282,2276,7298,1001,2282,2276,7298,1001,181392,105104,105212
