UL_LAT_BD,2017-03-03 16:15:20.022877,0.752957820892,0.578226804733,0.0231137275696,0.124886989594,0.0824055671692,0.0227460861206,0.0476357936859,0.040668964386,0.00261211395264,0.013491153717,0.00924563407898,0.0109424591064,0.078620672226,0.343871355057,1509,1503,4780,660,1509,1503,4780,660,119716,69356,69580
UL_LAT_BD,2017-03-03 16:15:20.125026,0.753910779953,0.578528165817,0.0231304168701,0.125046014786,0.0825335979462,0.0228161811829,0.0476877689362,0.0406980514526,0.00261425971985,0.0135021209717,0.0092556476593,0.0109424591064,0.0786945819855,0.343917369843,1511,1505,4787,661,1511,1505,4787,661,119868,69452,69684
DL_LAT_BD,2017-03-03 16:15:20.061918,103,0,0,0
UL_LAT_BD,2017-03-03 16:15:20.226847,0.755097866058,0.578849315643,0.0231535434723,0.125213861465,0.0826504230499,0.0228490829468,0.047759771347,0.0407471656799,0.00262045860291,0.0135250091553,0.00927066802979,0.0109424591064,0.078777551651,0.343954563141,1514,1508,4795,662,1514,1508,4795,662,120112,69592,69788
UL_LAT_BD,2017-03-03 16:15:20.329039,0.756244182587,0.579125165939,0.0231714248657,0.125353813171,0.0827224254608,0.0228691101074,0.0478048324585,0.0408129692078,0.00262236595154,0.0135459899902,0.00928354263306,0.0109655857086,0.0788536071777,0.343987703323,1516,1510,4802,663,1516,1510,4802,663,120264,69680,69888
UL_LAT_BD,2017-03-03 16:15:20.430823,0.759872913361,0.579381465912,0.0231893062592,0.125465631485,0.0828063488007,0.022894859314,0.0478546619415,0.0408399105072,0.00262522697449,0.0135571956635,0.00929355621338,0.0109655857086,0.0789384841919,0.344021558762,1518,1512,4810,664,1518,1512,4810,664,120432,69776,69992
UL_LAT_BD,2017-03-03 16:15:20.532959,0.76084280014,0.579676866531,0.0232174396515,0.125601530075,0.0829062461853,0.022917509079,0.04789686203,0.040874004364,0.00262928009033,0.0135753154755,0.0093035697937,0.0109655857086,0.0790293216705,0.344053506851,1520,1514,4816,665,1520,1514,4816,665,120584,69864,70092
UL_LAT_BD,2017-03-03 16:15:20.635102,0.761949062347,0.580088615417,0.0232393741608,0.125868320465,0.0830512046814,0.0229568481445,0.0479962825775,0.0409948825836,0.00263357162476,0.0136113166809,0.00932383537292,0.0110116004944,0.0791003704071,0.344093561172,1523,1517,4822,666,1523,1517,4822,666,120828,70004,70196
UL_LAT_BD,2017-03-03 16:15:20.736917,0.763007879257,0.580404758453,0.0232543945312,0.125993251801,0.0831432342529,0.0229787826538,0.048059463501,0.0410268306732,0.00263738632202,0.0136294364929,0.00933194160461,0.0110116004944,0.0792133808136,0.344145536423,1525,1519,4830,667,1525,1519,4830,667,120980,70092,70296
UL_LAT_BD,2017-03-03 16:15:20.839174,0.763937711716,0.580672740936,0.0232684612274,0.126107215881,0.083226442337,0.0230128765106,0.0481033325195,0.0410556793213,0.00263929367065,0.0136394500732,0.00934410095215,0.0110116004944,0.079288482666,0.344205379486,1527,1521,4837,668,1527,1521,4837,668,121132,70180,70420
UL_LAT_BD,2017-03-03 16:15:20.940811,0.764992237091,0.581001281738,0.0232894420624,0.12625336647,0.0833365917206,0.0230581760406,0.0481612682343,0.0410897731781,0.0026421546936,0.0136551856995,0.00935339927673,0.0110116004944,0.079386472702,0.344259262085,1529,1523,4846,669,1529,1523,4846,669,121300,70276,70520
UL_LAT_BD,2017-03-03 16:15:21.042972,0.768395423889,0.582227468491,0.0234472751617,0.127189159393,0.0834543704987,0.023092508316,0.0482351779938,0.0419058799744,0.00264668464661,0.0136911869049,0.00937438011169,0.0117566585541,0.0794742107391,0.344291448593,1532,1526,4854,670,1532,1526,4854,670,121544,70424,70624
DL_LAT_BD,2017-03-03 16:15:21.062745,103,0,0,0
UL_LAT_BD,2017-03-03 16:15:21.145109,0.769155502319,0.582492589951,0.0234603881836,0.127331256866,0.0835545063019,0.0231223106384,0.0482964515686,0.0419449806213,0.0026524066925,0.0137062072754,0.00938749313354,0.0117566585541,0.0795421600342,0.344324350357,1534,1528,4861,671,1534,1528,4861,671,121696,70512,70724
UL_LAT_BD,2017-03-03 16:15:21.247031,0.77016043663,0.58274769783,0.0234725475311,0.127444267273,0.08363032341,0.0231432914734,0.0483453273773,0.0419793128967,0.00265574455261,0.0137219429016,0.00939726829529,0.0117566585541,0.0796284675598,0.344359397888,1536,1530,4868,672,1536,1530,4868,672,121848,70600,70828
UL_LAT_BD,2017-03-03 16:15:21.349049,0.771117687225,0.583123207092,0.0234956741333,0.127660274506,0.0837502479553,0.0231795310974,0.0484192371368,0.0420715808868,0.00266098976135,0.013751745224,0.00941920280457,0.0117855072021,0.0797221660614,0.344393491745,1539,1533,4876,673,1539,1533,4876,673,122092,70740,70928
UL_LAT_BD,2017-03-03 16:15:21.450818,0.771945953369,0.583419322968,0.023565530777,0.127765417099,0.0838212966919,0.0231990814209,0.0484642982483,0.0421025753021,0.00266313552856,0.0137655735016,0.00942826271057,0.0117855072021,0.0798056125641,0.344425439835,1541,1535,4883,674,1541,1535,4883,674,122244,70828,71032
UL_LAT_BD,2017-03-03 16:15:21.552971,0.772947072983,0.58371925354,0.023642539978,0.127861261368,0.0838911533356,0.0232181549072,0.0485062599182,0.0421276092529,0.00266623497009,0.0137765407562,0.00943636894226,0.0117855072021,0.0798895359039,0.344458580017,1543,1537,4889,675,1543,1537,4889,675,122396,70916,71132
UL_LAT_BD,2017-03-03 16:15:21.655113,0.774012565613,0.583975315094,0.0236585140228,0.127977132797,0.0839719772339,0.023243188858,0.0485582351685,0.0421607494354,0.00267052650452,0.0137913227081,0.00944852828979,0.0117855072021,0.0799689292908,0.3444917202,1545,1539,4896,676,1545,1539,4896,676,122564,71012,71236
UL_LAT_BD,2017-03-03 16:15:21.756919,0.774953603745,0.584407329559,0.0236818790436,0.128243207932,0.0840880870819,0.0232772827148,0.0486316680908,0.0423069000244,0.00267338752747,0.0138201713562,0.00946450233459,0.011875629425,0.0800733566284,0.344522714615,1548,1542,4903,677,1548,1542,4903,677,122808,71152,71336
UL_LAT_BD,2017-03-03 16:15:21.859044,0.775780439377,0.584677934647,0.0237009525299,0.128384113312,0.0841920375824,0.0233011245728,0.0487070083618,0.0423419475555,0.00267744064331,0.0138332843781,0.00947666168213,0.011875629425,0.0801420211792,0.344556570053,1550,1544,4909,678,1550,1544,4909,678,122960,71240,71440
UL_LAT_BD,2017-03-03 16:15:21.960846,0.776851415634,0.585033416748,0.0237736701965,0.128515958786,0.0842900276184,0.0233228206635,0.0487744808197,0.0423729419708,0.00268149375916,0.0138502120972,0.0094838142395,0.011875629425,0.0802450180054,0.344594478607,1552,1546,4917,679,1552,1546,4917,679,123128,71336,71540
UL_LAT_BD,2017-03-03 16:15:22.062951,0.777782917023,0.585302352905,0.023800611496,0.12863111496,0.0843713283539,0.023344039917,0.0488295555115,0.0424056053162,0.0026843547821,0.013866186142,0.00949263572693,0.011875629425,0.0803337097168,0.344626426697,1554,1548,4926,680,1554,1548,4926,680,123280,71424,71644
UL_LAT_BD,2017-03-03 16:15:22.165143,0.778692483902,0.585747241974,0.0238845348358,0.12886929512,0.0845131874084,0.0233793258667,0.0489227771759,0.0424964427948,0.00269031524658,0.0138940811157,0.00951147079468,0.0119066238403,0.0804138183594,0.344658374786,1557,1551,4933,681,1557,1551,4933,681,123524,71572,71744
