UL_LAT_BD,2017-03-03 16:17:14.817877,2.07077646255,1.02946090698,0.0576696395874,0.341175317764,0.217385292053,0.06303358078,0.130052089691,0.11887383461,0.00761938095093,0.0412395000458,0.0247766971588,0.0306725502014,0.204287052155,0.404000282288,4055,4063,12926,1798,4055,4063,12926,1798,322864,194616,198380
UL_LAT_BD,2017-03-03 16:17:14.920021,2.0721578598,1.02991843224,0.0576927661896,0.341459274292,0.217636108398,0.0631155967712,0.130212068558,0.118905067444,0.00762462615967,0.0412514209747,0.0247876644135,0.0306725502014,0.204387187958,0.404039144516,4057,4065,12933,1799,4057,4065,12933,1799,323016,194704,198500
UL_LAT_BD,2017-03-03 16:17:15.021820,2.07314133644,1.03038072586,0.0577187538147,0.341767549515,0.217883110046,0.0632467269897,0.130315065384,0.118962287903,0.00763082504272,0.0412774085999,0.0248057842255,0.0306725502014,0.204458236694,0.404086112976,4060,4068,12939,1800,4060,4068,12939,1800,323260,194844,198604
DL_LAT_BD,2017-03-03 16:17:15.061909,103,0,0,0
UL_LAT_BD,2017-03-03 16:17:15.124041,2.07691645622,1.03071093559,0.0577328205109,0.341941356659,0.217983007431,0.0632746219635,0.130382299423,0.119034290314,0.00763273239136,0.0412933826447,0.0248217582703,0.030704498291,0.204556465149,0.404120206833,4062,4070,12947,1801,4062,4070,12947,1801,323412,194944,198704
UL_LAT_BD,2017-03-03 16:17:15.225763,2.07774710655,1.03098607063,0.0577466487885,0.342066287994,0.218071937561,0.0633027553558,0.130438327789,0.119068384171,0.00763583183289,0.0413100719452,0.0248320102692,0.030704498291,0.204644441605,0.404160261154,4064,4072,12954,1802,4064,4072,12954,1802,323580,195044,198804
UL_LAT_BD,2017-03-03 16:17:15.327895,2.07861804962,1.03375840187,0.0577654838562,0.344672441483,0.220640897751,0.0633256435394,0.132979393005,0.119102239609,0.00764155387878,0.0413243770599,0.0248417854309,0.030704498291,0.204735517502,0.404205322266,4066,4074,12961,1803,4066,4074,12961,1803,323732,195132,198904
UL_LAT_BD,2017-03-03 16:17:15.430106,2.0797328949,1.03418898582,0.0577914714813,0.344966411591,0.220881938934,0.0633676052094,0.133168458939,0.119151115417,0.00764751434326,0.0413484573364,0.0248537063599,0.030704498291,0.204808235168,0.404238462448,4069,4077,12966,1804,4069,4077,12966,1804,323976,195272,199008
UL_LAT_BD,2017-03-03 16:17:15.531835,2.08051109314,1.03450083733,0.0578625202179,0.345107316971,0.220948934555,0.0633907318115,0.133206367493,0.119223117828,0.00765061378479,0.04137134552,0.0248675346375,0.0307314395905,0.204866170883,0.404271364212,4071,4079,12971,1805,4071,4079,12971,1805,324128,195364,199104
UL_LAT_BD,2017-03-03 16:17:15.633948,2.08148145676,1.03474783897,0.0578787326813,0.345224380493,0.221038103104,0.0634160041809,0.133263587952,0.119249105453,0.00765347480774,0.0413806438446,0.0248775482178,0.0307314395905,0.20493721962,0.404306173325,4073,4081,12977,1806,4073,4081,12977,1806,324296,195460,199208
UL_LAT_BD,2017-03-03 16:17:15.735891,2.08256316185,1.03518891335,0.0580489635468,0.345348358154,0.221122264862,0.0634429454803,0.133316755295,0.119286060333,0.00765657424927,0.0413975715637,0.0248885154724,0.0307314395905,0.205029726028,0.404350042343,4075,4083,12984,1807,4075,4083,12984,1807,324448,195548,199328
UL_LAT_BD,2017-03-03 16:17:15.837923,2.08365130424,1.03565502167,0.0581367015839,0.345580339432,0.221258401871,0.0634813308716,0.133405685425,0.119379043579,0.00766158103943,0.0414266586304,0.0249085426331,0.0307645797729,0.205128669739,0.404384851456,4078,4086,12992,1808,4078,4086,12992,1808,324692,195688,199432
UL_LAT_BD,2017-03-03 16:17:15.940105,2.08443546295,1.03592252731,0.0581526756287,0.345719337463,0.221354484558,0.0635080337524,0.13346362114,0.119420051575,0.00766468048096,0.0414485931396,0.0249195098877,0.0307645797729,0.205195665359,0.404418945312,4080,4088,12999,1809,4080,4088,12999,1809,324860,195784,199532
UL_LAT_BD,2017-03-03 16:17:16.041818,2.08520746231,1.03723669052,0.0581636428833,0.346917390823,0.222433567047,0.0635352134705,0.134511470795,0.119538068771,0.00766968727112,0.0414626598358,0.0249304771423,0.03085064888,0.205261945724,0.404452800751,4081,4089,13005,1810,4081,4089,13005,1810,324968,195848,199632
UL_LAT_BD,2017-03-03 16:17:16.144079,2.08606362343,1.0375623703,0.058185338974,0.347102403641,0.222554445267,0.0635733604431,0.134583473206,0.119600296021,0.00767493247986,0.0414979457855,0.024943113327,0.03085064888,0.205338001251,0.404486656189,4084,4092,13010,1811,4084,4092,13010,1811,325196,195992,199728
UL_LAT_BD,2017-03-03 16:17:16.245864,2.08687949181,1.03790926933,0.0582013130188,0.347313404083,0.222641468048,0.0636003017426,0.134638309479,0.119722127914,0.00767683982849,0.0415217876434,0.0249552726746,0.0309257507324,0.205404043198,0.404532670975,4086,4094,13016,1812,4086,4094,13016,1812,325364,196092,199848
DL_LAT_BD,2017-03-03 16:17:16.061830,103,0,0,0
UL_LAT_BD,2017-03-03 16:17:16.347894,2.08784914017,1.03817129135,0.0582163333893,0.347413539886,0.222716569901,0.063622713089,0.13468337059,0.119745254517,0.00767970085144,0.0415287017822,0.0249652862549,0.0309257507324,0.205504179001,0.404571771622,4088,4096,13023,1813,4088,4096,13023,1813,325516,196180,199928
UL_LAT_BD,2017-03-03 16:17:16.450101,2.08879494667,1.03847289085,0.0582365989685,0.347559452057,0.222825527191,0.0636677742004,0.134740114212,0.119778156281,0.00768256187439,0.0415449142456,0.0249752998352,0.0309257507324,0.205566167831,0.404638767242,4090,4098,13028,1814,4090,4098,13028,1814,325684,196280,200048
UL_LAT_BD,2017-03-03 16:17:16.551939,2.08975219727,1.03897428513,0.0583884716034,0.347799539566,0.222965478897,0.0637199878693,0.134821176529,0.119873523712,0.00768685340881,0.0415668487549,0.0249931812286,0.0309689044952,0.205627918243,0.404677867889,4093,4101,13032,1815,4093,4101,13032,1815,325928,196428,200164
UL_LAT_BD,2017-03-03 16:17:16.653953,2.09065699577,1.03932571411,0.0584723949432,0.347942590714,0.22307062149,0.0637490749359,0.134888410568,0.119910240173,0.00769066810608,0.0415847301483,0.0250041484833,0.0309689044952,0.205708503723,0.404715776443,4095,4103,13039,1816,4095,4103,13039,1816,326080,196524,200288
