UL_LAT_BD,2017-03-03 16:16:35.400812,1.59533071518,0.872874259949,0.047502040863,0.266382694244,0.171407461166,0.0479075908661,0.102867126465,0.0912163257599,0.0059540271759,0.0326943397522,0.0192887783051,0.0242669582367,0.158820867538,0.382088899612,3184,3178,10250,1399,3184,3178,10250,1399,253360,146824,146912
UL_LAT_BD,2017-03-03 16:16:35.502967,1.59641313553,0.873175382614,0.0475208759308,0.266501665115,0.171492338181,0.0479333400726,0.102919340134,0.0912504196167,0.00595617294312,0.0327081680298,0.0192987918854,0.0242669582367,0.158927202225,0.382139921188,3186,3180,10257,1400,3186,3180,10257,1400,253528,146920,147032
UL_LAT_BD,2017-03-03 16:16:35.605170,1.59756326675,0.873571395874,0.0475442409515,0.266737699509,0.17160820961,0.0479712486267,0.102989196777,0.0913686752319,0.00596237182617,0.0327410697937,0.0193371772766,0.0243039131165,0.159023284912,0.382169008255,3189,3183,10264,1401,3189,3183,10264,1401,253756,147052,147116
UL_LAT_BD,2017-03-03 16:16:35.706913,1.59854483604,0.87383389473,0.0475623607635,0.266844511032,0.171684265137,0.0479941368103,0.103034973145,0.0913965702057,0.00596451759338,0.0327532291412,0.019345998764,0.0243039131165,0.159100294113,0.382222890854,3191,3185,10270,1402,3191,3185,10270,1402,253908,147140,147216
UL_LAT_BD,2017-03-03 16:16:35.809044,1.59965205193,0.874118804932,0.0475816726685,0.266973495483,0.171775102615,0.0480191707611,0.103090763092,0.0914318561554,0.0059666633606,0.032769203186,0.0193569660187,0.0243039131165,0.159193992615,0.382256984711,3193,3187,10278,1403,3193,3187,10278,1403,254076,147236,147320
UL_LAT_BD,2017-03-03 16:16:35.910834,1.60052490234,0.874471902847,0.0475988388062,0.267149209976,0.171854019165,0.0480442047119,0.103138685226,0.0915286540985,0.00596952438354,0.0328023433685,0.0193729400635,0.0243411064148,0.159308195114,0.382292032242,3195,3189,10286,1404,3195,3189,10286,1404,254228,147324,147420
UL_LAT_BD,2017-03-03 16:16:36.012967,1.60162591934,0.874904155731,0.0476667881012,0.267354249954,0.172008991241,0.0481033325195,0.103225708008,0.0915775299072,0.00597524642944,0.0328235626221,0.0193889141083,0.0243411064148,0.15941119194,0.382337093353,3198,3192,10294,1405,3198,3192,10294,1405,254472,147464,147560
DL_LAT_BD,2017-03-03 16:16:36.062733,103,0,0,0
UL_LAT_BD,2017-03-03 16:16:36.115034,1.60257291794,0.87517786026,0.0476837158203,0.267477273941,0.172093868256,0.0481281280518,0.103279590607,0.0916135311127,0.00597834587097,0.0328414440155,0.0194008350372,0.0243411064148,0.159502029419,0.382370233536,3200,3194,10302,1406,3200,3194,10302,1406,254640,147568,147664
UL_LAT_BD,2017-03-03 16:16:36.216920,1.60361504555,0.875480175018,0.0477015972137,0.26760840416,0.172183036804,0.048152923584,0.103333473206,0.0916526317596,0.00598239898682,0.0328605175018,0.0194127559662,0.0243411064148,0.159618139267,0.382401227951,3202,3196,10310,1407,3202,3196,10310,1407,254792,147656,147748
UL_LAT_BD,2017-03-03 16:16:36.319043,1.60471010208,0.875946044922,0.0477256774902,0.267901182175,0.172298192978,0.0481901168823,0.103402614594,0.0918264389038,0.00598740577698,0.0328936576843,0.0194318294525,0.0244500637054,0.159721851349,0.382436275482,3205,3199,10316,1408,3205,3199,10316,1408,255020,147788,147848
UL_LAT_BD,2017-03-03 16:16:36.420827,1.60557866096,0.876222848892,0.0477428436279,0.268037319183,0.172394275665,0.0482170581818,0.10346364975,0.0918636322021,0.0059916973114,0.0329103469849,0.0194418430328,0.0244500637054,0.159797668457,0.382477283478,3207,3201,10323,1409,3207,3201,10323,1409,255188,147884,147952
UL_LAT_BD,2017-03-03 16:16:36.522900,1.60675668716,0.876518249512,0.0477607250214,0.268177270889,0.17249417305,0.0482470989227,0.103526592255,0.0919015407562,0.00599455833435,0.0329282283783,0.0194528102875,0.0244500637054,0.15989279747,0.38251209259,3209,3203,10330,1410,3209,3203,10330,1410,255356,147980,148052
UL_LAT_BD,2017-03-03 16:16:36.625057,1.60803365707,0.877034425735,0.0477776527405,0.268512248993,0.172569274902,0.0482697486877,0.103571653366,0.0921585559845,0.00599837303162,0.0329601764679,0.0194659233093,0.0246500968933,0.159996032715,0.382564067841,3211,3205,10338,1411,3211,3205,10338,1411,255492,148060,148152
UL_LAT_BD,2017-03-03 16:16:36.726929,1.61008763313,0.877933263779,0.0478031635284,0.269252061844,0.172957181931,0.0483162403107,0.103900909424,0.09250664711,0.00600361824036,0.0332403182983,0.0194840431213,0.0246500968933,0.160083770752,0.382600069046,3214,3208,10345,1412,3214,3208,10345,1412,255736,148200,148252
UL_LAT_BD,2017-03-03 16:16:36.829050,1.61095499992,0.878190279007,0.0478188991547,0.269374132156,0.173043251038,0.0483434200287,0.103955030441,0.0925395488739,0.00600647926331,0.0332543849945,0.0194938182831,0.0246500968933,0.16015958786,0.382635116577,3216,3210,10352,1413,3216,3210,10352,1413,255904,148296,148356
UL_LAT_BD,2017-03-03 16:16:36.930846,1.6118478775,0.878533124924,0.0478339195251,0.269587993622,0.173221111298,0.0483691692352,0.104105234146,0.0925726890564,0.00601053237915,0.0332705974579,0.0195047855377,0.0246500968933,0.160232305527,0.38266992569,3218,3212,10359,1414,3218,3212,10359,1414,256056,148384,148456
UL_LAT_BD,2017-03-03 16:16:37.033093,1.61275911331,0.878854990005,0.0478510856628,0.269750833511,0.173310995102,0.0483984947205,0.104159116745,0.0926446914673,0.00601363182068,0.0332925319672,0.0195200443268,0.0246760845184,0.160321235657,0.382714033127,3220,3214,10367,1415,3220,3214,10367,1415,256224,148480,148596
UL_LAT_BD,2017-03-03 16:16:37.135016,1.61382007599,0.879411935806,0.0478732585907,0.269926071167,0.173425197601,0.0484337806702,0.10422873497,0.092702627182,0.00601768493652,0.033323764801,0.0195360183716,0.0246760845184,0.160634756088,0.382749080658,3223,3217,10375,1416,3223,3217,10375,1416,256452,148620,148696
UL_LAT_BD,2017-03-03 16:16:37.236951,1.61554503441,0.879706859589,0.0478932857513,0.270066976547,0.173519134521,0.0484616756439,0.104289770126,0.0927476882935,0.00602674484253,0.0333437919617,0.0195469856262,0.0246760845184,0.160713672638,0.382795095444,3225,3219,10383,1417,3225,3219,10383,1417,256620,148716,148800
DL_LAT_BD,2017-03-03 16:16:37.062732,103,0,0,0
UL_LAT_BD,2017-03-03 16:16:37.339045,1.61728668213,0.880081892014,0.0479452610016,0.270267009735,0.173611879349,0.0484893321991,0.104348897934,0.0928516387939,0.00603079795837,0.033374786377,0.019565820694,0.0247189998627,0.160796880722,0.382827043533,3227,3221,10390,1418,3227,3221,10390,1418,256772,148804,148884
