UL_LAT_BD,2017-03-03 16:16:13.980832,1.36523962021,0.78821015358,0.0406408309937,0.225921154022,0.146945476532,0.0400466918945,0.0881428718567,0.0757484436035,0.00498127937317,0.0271844863892,0.0164504051208,0.0193762779236,0.138442277908,0.369932889938,2708,2702,8694,1189,2708,2702,8694,1189,215412,124792,124864
UL_LAT_BD,2017-03-03 16:16:14.082986,1.36607336998,0.788468837738,0.0406558513641,0.226043224335,0.147036552429,0.0400774478912,0.0881979465485,0.0757775306702,0.00498342514038,0.0271954536438,0.0164604187012,0.0193762779236,0.138515949249,0.369973897934,2710,2704,8701,1190,2710,2704,8701,1190,215580,124896,124988
DL_LAT_BD,2017-03-03 16:16:14.062749,103,0,0,0
UL_LAT_BD,2017-03-03 16:16:14.185006,1.36725068092,0.788919687271,0.040753364563,0.226248264313,0.147189855576,0.0401153564453,0.0883014202118,0.0758273601532,0.00498723983765,0.0272176265717,0.0164742469788,0.0193762779236,0.138602495193,0.370023012161,2713,2707,8709,1191,2713,2707,8709,1191,215824,125036,125092
UL_LAT_BD,2017-03-03 16:16:14.286947,1.36810302734,0.789296388626,0.0408463478088,0.226401329041,0.147261857986,0.0401372909546,0.0883486270905,0.0759053230286,0.00499105453491,0.0272386074066,0.0164883136749,0.0194110870361,0.138684034348,0.370064973831,2715,2709,8716,1192,2715,2709,8716,1192,215960,125116,125176
UL_LAT_BD,2017-03-03 16:16:14.389056,1.36957812309,0.789595603943,0.0408873558044,0.226548194885,0.147369861603,0.0401682853699,0.0884175300598,0.0759432315826,0.00499296188354,0.0272567272186,0.0164983272552,0.0194110870361,0.138751983643,0.370098829269,2717,2711,8722,1193,2717,2711,8722,1193,216128,125212,125280
UL_LAT_BD,2017-03-03 16:16:14.490852,1.37041974068,0.789835929871,0.0409002304077,0.226651191711,0.147440910339,0.0401902198792,0.0884656906128,0.075971364975,0.00499486923218,0.0272686481476,0.0165083408356,0.0194110870361,0.138827800751,0.370141744614,2719,2713,8729,1194,2719,2713,8729,1194,216280,125300,125380
UL_LAT_BD,2017-03-03 16:16:14.593038,1.37148141861,0.790178775787,0.0409243106842,0.226836204529,0.147569894791,0.0402300357819,0.0885455608368,0.0760242938995,0.00499868392944,0.0272948741913,0.0165233612061,0.0194110870361,0.138913393021,0.370179653168,2722,2716,8736,1195,2722,2716,8736,1195,216524,125440,125504
UL_LAT_BD,2017-03-03 16:16:14.695037,1.37239050865,0.790519237518,0.040940284729,0.227008104324,0.147656917572,0.0402538776398,0.0885994434357,0.0761063098907,0.00500154495239,0.0273199081421,0.0165374279022,0.0194451808929,0.13902592659,0.370211601257,2724,2718,8745,1196,2724,2718,8745,1196,216692,125536,125604
UL_LAT_BD,2017-03-03 16:16:14.796891,1.37340807915,0.790760993958,0.0409572124481,0.227111339569,0.147730112076,0.0402736663818,0.0886454582214,0.0761342048645,0.00500559806824,0.027331829071,0.0165483951569,0.0194451808929,0.139106988907,0.370244503021,2726,2720,8752,1197,2726,2720,8752,1197,216844,125624,125708
UL_LAT_BD,2017-03-03 16:16:14.899060,1.37443494797,0.791132211685,0.0410370826721,0.227285146713,0.147849082947,0.0403118133545,0.0887136459351,0.0761868953705,0.00501036643982,0.0273568630219,0.0165634155273,0.0194451808929,0.139184713364,0.370277404785,2729,2723,8758,1198,2729,2723,8758,1198,217072,125756,125808
UL_LAT_BD,2017-03-03 16:16:15.000854,1.37536787987,0.791475057602,0.0410552024841,0.227466106415,0.147948265076,0.0403439998627,0.088775396347,0.0762667655945,0.00501418113708,0.0273809432983,0.0165765285492,0.0194783210754,0.139286518097,0.370310306549,2731,2725,8766,1199,2731,2725,8766,1199,217240,125852,125912
DL_LAT_BD,2017-03-03 16:16:15.062744,103,0,0,0
UL_LAT_BD,2017-03-03 16:16:15.102956,1.37643384933,0.791766405106,0.0410730838776,0.227582931519,0.148026227951,0.0403680801392,0.0888245105743,0.0763027667999,0.00501847267151,0.0273978710175,0.0165874958038,0.0194783210754,0.13937664032,0.370367288589,2733,2727,8773,1200,2733,2727,8773,1200,217392,125948,126036
UL_LAT_BD,2017-03-03 16:16:15.205136,1.37727069855,0.792043209076,0.041090965271,0.227701663971,0.148113250732,0.0403943061829,0.0888781547546,0.076331615448,0.00502038002014,0.027410030365,0.0165984630585,0.0194783210754,0.139452934265,0.370425224304,2735,2729,8779,1201,2735,2729,8779,1201,217560,126044,126120
UL_LAT_BD,2017-03-03 16:16:15.306944,1.37823271751,0.792352199554,0.0411150455475,0.22786283493,0.148222208023,0.0404284000397,0.0889480113983,0.0763785839081,0.00502347946167,0.0274350643158,0.0166115760803,0.0194783210754,0.139524936676,0.370467185974,2738,2732,8786,1202,2738,2732,8786,1202,217788,126176,126220
UL_LAT_BD,2017-03-03 16:16:15.409055,1.37920594215,0.792659282684,0.0411291122437,0.228012800217,0.148305177689,0.0404541492462,0.0889992713928,0.0764436721802,0.00502634048462,0.0274562835693,0.0166254043579,0.0195014476776,0.139623403549,0.370501041412,2740,2734,8794,1203,2740,2734,8794,1203,217956,126272,126324
UL_LAT_BD,2017-03-03 16:16:15.510836,1.3799393177,0.792948484421,0.0411431789398,0.228141784668,0.148400306702,0.040492773056,0.0890462398529,0.0764756202698,0.00502920150757,0.0274703502655,0.0166354179382,0.0195014476776,0.139726638794,0.370535135269,2742,2736,8800,1204,2742,2736,8800,1204,218108,126360,126424
UL_LAT_BD,2017-03-03 16:16:15.612927,1.38129591942,0.793255567551,0.0411653518677,0.228300571442,0.148521184921,0.0405204296112,0.0891311168671,0.0765106678009,0.00503325462341,0.0274875164032,0.0166454315186,0.0195014476776,0.13981294632,0.370569229126,2744,2738,8807,1205,2744,2738,8807,1205,218276,126456,126528
UL_LAT_BD,2017-03-03 16:16:15.715174,1.3823184967,0.793648958206,0.0411865711212,0.228525400162,0.148637056351,0.0405616760254,0.0891988277435,0.0766153335571,0.005038022995,0.0275197029114,0.016669511795,0.0195384025574,0.139914035797,0.37060213089,2747,2741,8815,1206,2747,2741,8815,1206,218504,126588,126628
UL_LAT_BD,2017-03-03 16:16:15.816931,1.38320493698,0.793957233429,0.0412006378174,0.22866153717,0.148728132248,0.0405910015106,0.0892548561096,0.0766563415527,0.00504207611084,0.0275399684906,0.016681432724,0.0195384025574,0.140024423599,0.370641231537,2749,2743,8821,1207,2749,2743,8821,1207,218656,126676,126752
UL_LAT_BD,2017-03-03 16:16:15.919059,1.38405156136,0.79428601265,0.041214466095,0.228763580322,0.148800134659,0.0406129360199,0.0893008708954,0.0766832828522,0.00504517555237,0.0275518894196,0.0166893005371,0.0195384025574,0.140194416046,0.370674133301,2751,2745,8829,1208,2751,2745,8829,1208,218808,126764,126852
