UL_LAT_BD,2017-03-03 16:17:55.617878,2.51177287102,1.17894864082,0.0767316818237,0.414390325546,0.265389442444,0.0766389369965,0.161159276962,0.143014669418,0.00922465324402,0.049947977066,0.0303313732147,0.0364241600037,0.241281747818,0.42028927803,4961,4969,15427,2198,4961,4969,15427,2198,395100,237584,240756
UL_LAT_BD,2017-03-03 16:17:55.720103,2.51262378693,1.17919564247,0.0767464637756,0.414510250092,0.265471458435,0.0766649246216,0.161207437515,0.143049716949,0.00922751426697,0.0499649047852,0.030341386795,0.0364241600037,0.241348743439,0.42032623291,4963,4971,15433,2199,4963,4971,15433,2199,395252,237672,240856
UL_LAT_BD,2017-03-03 16:17:55.821886,2.51350331306,1.17948698997,0.0767612457275,0.414665460587,0.265544652939,0.076687335968,0.161252498627,0.143128633499,0.00923132896423,0.0499880313873,0.0303542613983,0.0364601612091,0.241426467896,0.420362234116,4965,4973,15440,2200,4965,4973,15440,2200,395404,237760,240956
UL_LAT_BD,2017-03-03 16:17:55.923946,2.51444530487,1.17979025841,0.076785326004,0.414843082428,0.265671491623,0.0767278671265,0.161327123642,0.143177270889,0.0092351436615,0.0500102043152,0.0303702354431,0.0364601612091,0.241485595703,0.420396327972,4968,4976,15444,2201,4968,4976,15444,2201,395648,237904,241056
UL_LAT_BD,2017-03-03 16:17:56.025769,2.51531910896,1.18008804321,0.0768065452576,0.415004014969,0.265786647797,0.0767638683319,0.161398172379,0.143221139908,0.00923800468445,0.0500302314758,0.0303831100464,0.0364601612091,0.241547822952,0.420443534851,4970,4978,15449,2202,4970,4978,15449,2202,395816,238004,241156
UL_LAT_BD,2017-03-03 16:17:56.127951,2.5163435936,1.18049788475,0.0769166946411,0.415169000626,0.265866756439,0.0767862796783,0.161447286606,0.143303155899,0.0092408657074,0.0500643253326,0.0303921699524,0.0364601612091,0.241636037827,0.420482397079,4972,4980,15455,2203,4972,4980,15455,2203,395968,238100,241280
DL_LAT_BD,2017-03-03 16:17:56.061891,103,0,0,0
UL_LAT_BD,2017-03-03 16:17:56.230101,2.5173137188,1.18347358704,0.0769336223602,0.415446996689,0.265959739685,0.0768156051636,0.161502361298,0.143484354019,0.00924396514893,0.0500884056091,0.0304081439972,0.0365912914276,0.241699934006,0.423092365265,4974,4982,15461,2204,4974,4982,15461,2204,396136,238200,241360
UL_LAT_BD,2017-03-03 16:17:56.331814,2.51844882965,1.18377900124,0.0769567489624,0.415609121323,0.266076803207,0.0768494606018,0.16157746315,0.14352440834,0.00924921035767,0.050106048584,0.0304200649261,0.0365912914276,0.241773843765,0.423127412796,4977,4985,15468,2205,4977,4985,15468,2205,396364,238332,241460
UL_LAT_BD,2017-03-03 16:17:56.433280,2.51930141449,1.18402028084,0.0769727230072,0.415727138519,0.266149759293,0.0768704414368,0.161622524261,0.143565416336,0.00925135612488,0.0501301288605,0.0304310321808,0.0365912914276,0.241830825806,0.423169374466,4979,4987,15473,2206,4979,4987,15473,2206,396516,238420,241564
UL_LAT_BD,2017-03-03 16:17:56.535889,2.52025198936,1.18438410759,0.0770528316498,0.415871143341,0.266229867935,0.0768957138062,0.161668539047,0.143629312515,0.00925326347351,0.050145149231,0.0304429531097,0.0366184711456,0.241914749146,0.423217535019,4981,4989,15480,2207,4981,4989,15480,2207,396700,238516,241700
UL_LAT_BD,2017-03-03 16:17:56.637881,2.52143907547,1.18467473984,0.0770697593689,0.416018247604,0.266335725784,0.0769276618958,0.161739349365,0.143666505814,0.00925731658936,0.0501623153687,0.0304548740387,0.0366184711456,0.24199962616,0.423251390457,4983,4991,15487,2208,4983,4991,15487,2208,396852,238612,241804
UL_LAT_BD,2017-03-03 16:17:56.740107,2.52338194847,1.18520998955,0.0772876739502,0.416199445724,0.266455888748,0.0769686698914,0.161808252335,0.143725395203,0.00926208496094,0.0501914024353,0.0304706096649,0.0366184711456,0.242081642151,0.423293352127,4986,4994,15491,2209,4986,4994,15491,2209,397080,238748,241884
UL_LAT_BD,2017-03-03 16:17:56.841930,2.52431297302,1.18546724319,0.0773067474365,0.416322231293,0.266539812088,0.0769937038422,0.161861419678,0.143763303757,0.00926518440247,0.0502104759216,0.0304796695709,0.0366184711456,0.242149829865,0.423331260681,4988,4996,15497,2210,4988,4996,15497,2210,397232,238836,241984
UL_LAT_BD,2017-03-03 16:17:56.943943,2.52906870842,1.18598651886,0.0773236751556,0.416519165039,0.266635656357,0.0770227909088,0.161919593811,0.143862485886,0.00926899909973,0.0502364635468,0.0304968357086,0.0366604328156,0.242416143417,0.423364162445,4990,4998,15500,2211,4990,4998,15500,2211,397384,238928,242084
UL_LAT_BD,2017-03-03 16:17:57.045875,2.52987360954,1.18626451492,0.0773437023163,0.416664838791,0.266716480255,0.0770483016968,0.161965608597,0.143923282623,0.00927090644836,0.0502474308014,0.0305387973785,0.0366604328156,0.242478132248,0.423408031464,4992,5000,15504,2212,4992,5000,15504,2212,397568,239028,242224
DL_LAT_BD,2017-03-03 16:17:57.061897,103,0,0,0
UL_LAT_BD,2017-03-03 16:17:57.148067,2.53073501587,1.18659591675,0.0773677825928,0.41686964035,0.266860723495,0.0770888328552,0.16205739975,0.143978118896,0.00927472114563,0.0502698421478,0.0305597782135,0.0366604328156,0.242530345917,0.423451185226,4995,5003,15508,2213,4995,5003,15508,2213,397796,239176,242304
UL_LAT_BD,2017-03-03 16:17:57.250100,2.53164792061,1.18694257736,0.0773828029633,0.417037725449,0.266954898834,0.0771119594574,0.162121772766,0.144051074982,0.0092785358429,0.0502891540527,0.030576467514,0.0366895198822,0.242614269257,0.423520088196,4997,5005,15514,2214,4997,5005,15514,2214,397948,239264,242428
UL_LAT_BD,2017-03-03 16:17:57.351868,2.53274965286,1.18726682663,0.0773990154266,0.417220830917,0.267101049423,0.0771899223328,0.162179708481,0.144086122513,0.00928044319153,0.0503039360046,0.0305874347687,0.0366895198822,0.242695331573,0.423555135727,4999,5007,15521,2215,4999,5007,15521,2215,398116,239360,242528
UL_LAT_BD,2017-03-03 16:17:57.453941,2.53361153603,1.18759822845,0.077476978302,0.41737985611,0.26721405983,0.0772252082825,0.162249803543,0.144130945206,0.00928449630737,0.0503199100494,0.0306024551392,0.0366895198822,0.242749214172,0.423585176468,5002,5010,15526,2216,5002,5010,15526,2216,398344,239492,242612
UL_LAT_BD,2017-03-03 16:17:57.555853,2.53464460373,1.18788528442,0.0774967670441,0.417495012283,0.267294168472,0.0772533416748,0.162294864655,0.144164800644,0.00928640365601,0.0503339767456,0.0306122303009,0.0366895198822,0.242832422256,0.42364525795,5004,5012,15534,2217,5004,5012,15534,2217,398528,239592,242728
