UL_LAT_BD,2017-03-03 16:17:40.215860,2.34341311455,1.12759518623,0.0721247196198,0.388374567032,0.249176025391,0.0713493824005,0.15151309967,0.133605003357,0.00862812995911,0.0467739105225,0.028222322464,0.0338349342346,0.228269100189,0.414113759995,4618,4626,14470,2047,4618,4626,14470,2047,367816,221412,224808
DL_LAT_BD,2017-03-03 16:17:40.061958,103,0,0,0
UL_LAT_BD,2017-03-03 16:17:40.317896,2.34454226494,1.12799286842,0.072233915329,0.388545751572,0.249303102493,0.0713872909546,0.151594161987,0.133646249771,0.00863313674927,0.0467841625214,0.028240442276,0.0338349342346,0.22833943367,0.414150714874,4621,4629,14477,2048,4621,4629,14477,2048,368060,221552,224908
UL_LAT_BD,2017-03-03 16:17:40.420107,2.34548401833,1.12835168839,0.0723259449005,0.38866186142,0.249392271042,0.0714192390442,0.151645898819,0.133670330048,0.00863599777222,0.0467910766602,0.0282504558563,0.0338349342346,0.228443145752,0.414187669754,4623,4631,14484,2049,4623,4631,14484,2049,368212,221640,225008
UL_LAT_BD,2017-03-03 16:17:40.521919,2.34642982483,1.12877583504,0.0724730491638,0.388798952103,0.249493360519,0.0714492797852,0.151706933975,0.133704185486,0.00863981246948,0.0468039512634,0.028261423111,0.0338349342346,0.228527545929,0.414232730865,4625,4633,14490,2050,4625,4633,14490,2050,368380,221736,225112
UL_LAT_BD,2017-03-03 16:17:40.623939,2.34736275673,1.12921452522,0.0725600719452,0.389024972916,0.249666213989,0.071489572525,0.151827812195,0.133756399155,0.00864267349243,0.0468280315399,0.0282764434814,0.0338349342346,0.228600263596,0.414273738861,4628,4636,14495,2051,4628,4636,14495,2051,368608,221880,225228
UL_LAT_BD,2017-03-03 16:17:40.725880,2.34835124016,1.12954831123,0.0725800991058,0.389197826385,0.249756097794,0.0715155601501,0.151884794235,0.133838176727,0.00864458084106,0.0468559265137,0.028290271759,0.0338640213013,0.228692054749,0.414314746857,4630,4638,14501,2052,4630,4638,14501,2052,368776,221976,225352
UL_LAT_BD,2017-03-03 16:17:40.828046,2.34922194481,1.12987542152,0.0726609230042,0.389320611954,0.249844074249,0.0715413093567,0.151937007904,0.133872032166,0.00864744186401,0.0468699932098,0.0283002853394,0.0338640213013,0.228773832321,0.414348602295,4632,4640,14508,2053,4632,4640,14508,2053,368928,222064,225452
UL_LAT_BD,2017-03-03 16:17:40.930100,2.35028004646,1.1302986145,0.0727579593658,0.389497756958,0.249973297119,0.0715765953064,0.15201997757,0.133918046951,0.00865268707275,0.0468900203705,0.0283131599426,0.0338640213013,0.228874444962,0.414387702942,4634,4642,14516,2054,4634,4642,14516,2054,369096,222164,225568
UL_LAT_BD,2017-03-03 16:17:41.031881,2.35163354874,1.13070464134,0.072781085968,0.389752626419,0.250133037567,0.0716216564178,0.152122020721,0.13401222229,0.00865888595581,0.0469229221344,0.0283341407776,0.0338912010193,0.228955507278,0.414424657822,4637,4645,14523,2055,4637,4645,14523,2055,369340,222324,225692
UL_LAT_BD,2017-03-03 16:17:41.133992,2.352414608,1.1309363842,0.0727951526642,0.389861822128,0.250206947327,0.0716466903687,0.15216588974,0.13404417038,0.00866198539734,0.0469388961792,0.0283441543579,0.0338912010193,0.229021310806,0.414460659027,4639,4647,14529,2056,4639,4647,14529,2056,369492,222416,225788
DL_LAT_BD,2017-03-03 16:17:41.061875,103,0,0,0
UL_LAT_BD,2017-03-03 16:17:41.235907,2.35396957397,1.13133740425,0.0728130340576,0.39003610611,0.250351190567,0.0717010498047,0.152245521545,0.134071111679,0.00866484642029,0.0469501018524,0.0283529758453,0.0338912010193,0.229154109955,0.414530754089,4641,4649,14535,2057,4641,4649,14535,2057,369660,222576,226024
UL_LAT_BD,2017-03-03 16:17:41.337876,2.35487484932,1.13160324097,0.0728280544281,0.390146970749,0.250428199768,0.0717277526855,0.152292966843,0.134102106094,0.00866794586182,0.0469651222229,0.0283629894257,0.0338912010193,0.229233026505,0.414584875107,4643,4651,14542,2058,4643,4651,14542,2058,369812,222664,226144
UL_LAT_BD,2017-03-03 16:17:41.440030,2.35583519936,1.13195443153,0.0728540420532,0.39035320282,0.250549554825,0.0717651844025,0.152370214462,0.13418507576,0.00867366790771,0.0469934940338,0.0283818244934,0.0339152812958,0.229307174683,0.414618968964,4646,4654,14548,2059,4646,4654,14548,2059,370056,222804,226248
UL_LAT_BD,2017-03-03 16:17:41.541908,2.35660195351,1.13219451904,0.0728721618652,0.390473127365,0.250638723373,0.0717890262604,0.15242433548,0.134213924408,0.00867772102356,0.0470025539398,0.028392791748,0.0339152812958,0.229370117188,0.414651870728,4648,4656,14553,2060,4648,4656,14553,2060,370208,222892,226348
UL_LAT_BD,2017-03-03 16:17:41.643944,2.35747623444,1.13245224953,0.07288813591,0.390599012375,0.250724554062,0.0718138217926,0.152478456497,0.134252071381,0.00868082046509,0.0470204353333,0.028404712677,0.0339152812958,0.22945022583,0.414678812027,4650,4658,14560,2061,4650,4658,14560,2061,370360,222980,226412
UL_LAT_BD,2017-03-03 16:17:41.745765,2.35875201225,1.13272428513,0.0729081630707,0.390715122223,0.250794649124,0.0718457698822,0.152509450912,0.134295940399,0.00868487358093,0.0470445156097,0.0284156799316,0.0339152812958,0.229525327682,0.414731740952,4652,4660,14566,2062,4652,4660,14566,2062,370544,223084,226544
UL_LAT_BD,2017-03-03 16:17:41.848000,2.35976529121,1.13312935829,0.07293009758,0.39098906517,0.250977754593,0.0718946456909,0.152628183365,0.134382963181,0.00868892669678,0.0470733642578,0.0284337997437,0.0339431762695,0.229587078094,0.414769887924,4655,4663,14571,2063,4655,4663,14571,2063,370772,223236,226664
UL_LAT_BD,2017-03-03 16:17:41.950005,2.3610227108,1.13342285156,0.0729432106018,0.391100168228,0.251050949097,0.0719199180603,0.15266919136,0.13441991806,0.00869274139404,0.0470914840698,0.0284447669983,0.0339431762695,0.229714870453,0.414802789688,4657,4665,14578,2064,4657,4665,14578,2064,370924,223328,226760
UL_LAT_BD,2017-03-03 16:17:42.051879,2.36212706566,1.1337749958,0.072958946228,0.391216278076,0.251128911972,0.0719437599182,0.152718305588,0.134456157684,0.00869870185852,0.0471074581146,0.0284547805786,0.0339431762695,0.229813814163,0.414917945862,4659,4667,14586,2065,4659,4667,14586,2065,371076,223416,226864
DL_LAT_BD,2017-03-03 16:17:42.061914,103,0,0,0
UL_LAT_BD,2017-03-03 16:17:42.154049,2.36423993111,1.13424324989,0.0729837417603,0.391533136368,0.251282930374,0.0719828605652,0.152819156647,0.134616136551,0.0087034702301,0.0471346378326,0.0284736156464,0.0340390205383,0.229889154434,0.414958953857,4662,4670,14592,2066,4662,4670,14592,2066,371320,223564,226968
