UL_LAT_BD,2017-03-03 16:16:53.659042,1.82009339333,0.939457416534,0.0521457195282,0.298732995987,0.190408229828,0.053471326828,0.114956140518,0.104032516479,0.0066990852356,0.0369911193848,0.0219528675079,0.0282263755798,0.178806781769,0.389649868011,3589,3583,11581,1578,3589,3583,11581,1578,285568,165556,165648
UL_LAT_BD,2017-03-03 16:16:53.760792,1.82110905647,0.939800739288,0.0521647930145,0.29890370369,0.190532922745,0.0535180568695,0.115024328232,0.104075670242,0.00670337677002,0.0370118618011,0.0219671726227,0.0282263755798,0.178902864456,0.389696836472,3591,3585,11589,1579,3591,3585,11589,1579,285736,165652,165748
UL_LAT_BD,2017-03-03 16:16:53.862977,1.82197475433,0.940098285675,0.0521845817566,0.299022674561,0.190610170364,0.053539276123,0.115071296692,0.104113578796,0.00670742988586,0.0370309352875,0.0219790935516,0.0282263755798,0.179020166397,0.389731884003,3593,3587,11596,1580,3593,3587,11596,1580,285888,165740,165852
UL_LAT_BD,2017-03-03 16:16:53.965011,1.82323217392,0.940632104874,0.0522136688232,0.299371480942,0.190734148026,0.0535755157471,0.115149259567,0.104334354401,0.00671243667603,0.0370671749115,0.021999835968,0.0283784866333,0.179130554199,0.389769792557,3596,3590,11603,1581,3596,3590,11603,1581,286116,165872,165972
UL_LAT_BD,2017-03-03 16:16:54.066919,1.82427000999,0.940962076187,0.052229642868,0.299526453018,0.190852165222,0.0536046028137,0.115228414536,0.104369163513,0.00671529769897,0.0370810031891,0.022011756897,0.0283784866333,0.179244041443,0.389807939529,3598,3592,11611,1582,3598,3592,11611,1582,286284,165976,166076
DL_LAT_BD,2017-03-03 16:16:54.062734,103,0,0,0
UL_LAT_BD,2017-03-03 16:16:54.169079,1.82528042793,0.941236257553,0.0522475242615,0.29963850975,0.190928220749,0.053626537323,0.115277528763,0.10440325737,0.00671815872192,0.0370972156525,0.0220217704773,0.0283784866333,0.179332017899,0.389853000641,3600,3594,11619,1583,3600,3594,11619,1583,286436,166064,166176
UL_LAT_BD,2017-03-03 16:16:54.270825,1.82615303993,0.941596746445,0.0522637367249,0.299847364426,0.191014051437,0.0536530017853,0.115330457687,0.10452246666,0.00672030448914,0.0371198654175,0.0220408439636,0.0284066200256,0.179425477982,0.389888048172,3602,3596,11626,1584,3602,3596,11626,1584,286604,166160,166280
UL_LAT_BD,2017-03-03 16:16:54.372890,1.82729721069,0.941971063614,0.0522880554199,0.300051212311,0.191162109375,0.0536940097809,0.115430831909,0.10457444191,0.00672626495361,0.0371437072754,0.0220568180084,0.0284066200256,0.179526805878,0.389924049377,3605,3599,11633,1585,3605,3599,11633,1585,286848,166300,166380
UL_LAT_BD,2017-03-03 16:16:54.475024,1.8283803463,0.942262172699,0.0523021221161,0.300170183182,0.191242933273,0.0537188053131,0.115481853485,0.104610681534,0.00673055648804,0.0371606349945,0.0220677852631,0.0284066200256,0.179614782333,0.389983892441,3607,3601,11640,1586,3607,3601,11640,1586,287000,166388,166504
UL_LAT_BD,2017-03-03 16:16:54.576921,1.82953953743,0.942602157593,0.0523173809052,0.300312042236,0.191342830658,0.0537443161011,0.115547180176,0.104651689529,0.00673341751099,0.0371816158295,0.0220777988434,0.0284066200256,0.179737567902,0.390031814575,3609,3603,11649,1587,3609,3603,11649,1587,287152,166476,166604
UL_LAT_BD,2017-03-03 16:16:54.679098,1.83076071739,0.943177938461,0.0523419380188,0.300729990005,0.191551923752,0.0537831783295,0.115704298019,0.104857683182,0.00673747062683,0.0372145175934,0.0220949649811,0.0285475254059,0.179826259613,0.390065670013,3612,3606,11656,1588,3612,3606,11656,1588,287396,166616,166708
UL_LAT_BD,2017-03-03 16:16:54.780831,1.83501648903,0.943478822708,0.0523588657379,0.30085682869,0.191641807556,0.0538096427917,0.115760087967,0.104893684387,0.00674152374268,0.037228345871,0.0221078395844,0.0285475254059,0.179927349091,0.390112876892,3614,3608,11664,1589,3614,3608,11664,1589,287548,166704,166808
UL_LAT_BD,2017-03-03 16:16:54.882969,1.83587837219,0.943768501282,0.0523738861084,0.300994873047,0.191736698151,0.0538394451141,0.115816354752,0.104934692383,0.00674653053284,0.0372471809387,0.0221209526062,0.0285475254059,0.180011987686,0.390156030655,3616,3610,11672,1590,3616,3610,11672,1590,287716,166800,166912
UL_LAT_BD,2017-03-03 16:16:54.985020,1.83697533607,0.944075107574,0.0523946285248,0.301147699356,0.191816568375,0.0538666248322,0.115862131119,0.105004549026,0.00674939155579,0.0372703075409,0.0221350193024,0.0285716056824,0.180100440979,0.390192985535,3618,3612,11679,1591,3618,3612,11679,1591,287868,166888,167012
UL_LAT_BD,2017-03-03 16:16:55.086922,1.84182906151,0.944991111755,0.0524265766144,0.301858901978,0.19246840477,0.0541715621948,0.116194248199,0.105060815811,0.00675749778748,0.0372924804688,0.0221529006958,0.0285716056824,0.180223464966,0.39022898674,3621,3615,11688,1592,3621,3615,11688,1592,288112,167036,167116
UL_LAT_BD,2017-03-03 16:16:55.189042,1.84310269356,0.945277929306,0.0524435043335,0.302009820938,0.192575454712,0.0541999340057,0.116268157959,0.105100870132,0.00676155090332,0.0373134613037,0.0221648216248,0.0285716056824,0.180299282074,0.390262842178,3623,3617,11694,1593,3623,3617,11694,1593,288264,167124,167216
DL_LAT_BD,2017-03-03 16:16:55.062735,103,8,0,0
UL_LAT_BD,2017-03-03 16:16:55.290851,1.84511518478,0.945575475693,0.0524623394012,0.302171707153,0.192694187164,0.0542280673981,0.116352081299,0.105140924454,0.00676655769348,0.0373332500458,0.0221748352051,0.0285716056824,0.180370330811,0.390299797058,3625,3619,11701,1594,3625,3619,11701,1594,288416,167212,167300
UL_LAT_BD,2017-03-03 16:16:55.392994,1.84605717659,0.945916414261,0.052478313446,0.302335739136,0.19278216362,0.0542542934418,0.116408109665,0.105213880539,0.00677061080933,0.0373582839966,0.0221877098083,0.0285966396332,0.180449724197,0.390374660492,3627,3621,11709,1595,3627,3621,11709,1595,288584,167308,167420
UL_LAT_BD,2017-03-03 16:16:55.495011,1.84732532501,0.94633603096,0.0525012016296,0.302567720413,0.192955255508,0.0542948246002,0.116529464722,0.105268955231,0.0067765712738,0.0373833179474,0.0222060680389,0.0285966396332,0.180568695068,0.390409708023,3630,3624,11719,1596,3630,3624,11719,1596,288812,167440,167524
