UL_LAT_BD,2017-03-03 16:16:47.436921,1.74446463585,0.917374134064,0.0506618022919,0.287447690964,0.183910369873,0.0515356063843,0.110874891281,0.0994040966034,0.00646257400513,0.0356047153473,0.0211136341095,0.0264518260956,0.172924041748,0.387120723724,3452,3446,11125,1517,3452,3446,11125,1517,274692,159220,159296
UL_LAT_BD,2017-03-03 16:16:47.539045,1.74542355537,0.917639255524,0.0506756305695,0.287564754486,0.183992624283,0.0515599250793,0.110926866531,0.099436044693,0.00646638870239,0.035619020462,0.0211255550385,0.0264518260956,0.17301607132,0.387152671814,3454,3448,11132,1518,3454,3448,11132,1518,274844,159308,159400
UL_LAT_BD,2017-03-03 16:16:47.640932,1.74627947807,0.91792845726,0.0506885051727,0.287672996521,0.184065580368,0.0515789985657,0.110972642899,0.0994684696198,0.0064697265625,0.0356338024139,0.0211355686188,0.0264518260956,0.173103094101,0.387195825577,3456,3450,11139,1519,3456,3450,11139,1519,274996,159396,159520
UL_LAT_BD,2017-03-03 16:16:47.742957,1.74747157097,0.918194532394,0.0507094860077,0.287793159485,0.184150695801,0.0516059398651,0.11102771759,0.0995004177094,0.00647282600403,0.0356497764587,0.0211446285248,0.0264518260956,0.17317700386,0.387239933014,3458,3452,11146,1520,3458,3452,11146,1520,275164,159492,159624
UL_LAT_BD,2017-03-03 16:16:47.845027,1.74868249893,0.918798208237,0.0507361888885,0.288243055344,0.184362888336,0.0516419410706,0.111193418503,0.0997352600098,0.00647759437561,0.035717010498,0.0211546421051,0.0265917778015,0.173253059387,0.387279987335,3461,3455,11153,1521,3461,3455,11153,1521,275392,159624,159724
UL_LAT_BD,2017-03-03 16:16:47.946950,1.75091814995,0.919231653214,0.0507521629333,0.288502216339,0.184590101242,0.0517904758453,0.111263275146,0.0997653007507,0.00648474693298,0.0357327461243,0.0211579799652,0.0265917778015,0.173345565796,0.387336969376,3463,3457,11161,1522,3463,3457,11161,1522,275560,159720,159828
UL_LAT_BD,2017-03-03 16:16:48.049043,1.75548219681,0.919489145279,0.050772190094,0.288609027863,0.184674978256,0.0518231391907,0.111310720444,0.0997853279114,0.00648665428162,0.035742521286,0.0211598873138,0.0265917778015,0.173438310623,0.387370109558,3465,3459,11167,1523,3465,3459,11167,1523,275712,159808,159932
DL_LAT_BD,2017-03-03 16:16:48.062718,103,0,0,0
UL_LAT_BD,2017-03-03 16:16:48.150822,1.75639724731,0.919777393341,0.0507862567902,0.28876209259,0.184768915176,0.0518500804901,0.111367464066,0.0998423099518,0.00649070739746,0.0357601642609,0.0211908817291,0.0265917778015,0.173517465591,0.387403011322,3467,3461,11174,1524,3467,3461,11174,1524,275880,159912,160036
UL_LAT_BD,2017-03-03 16:16:48.252984,1.7599542141,0.920060396194,0.0508143901825,0.288909912109,0.184884786606,0.0518848896027,0.111439704895,0.0998713970184,0.00649642944336,0.0357775688171,0.0211939811707,0.0265917778015,0.173578262329,0.387439012527,3470,3464,11180,1525,3470,3464,11180,1525,276108,160044,160136
UL_LAT_BD,2017-03-03 16:16:48.355041,1.76170873642,0.920473575592,0.050829410553,0.289036989212,0.184987783432,0.0519099235535,0.111510276794,0.099894285202,0.00649929046631,0.0357913970947,0.0211963653564,0.0265917778015,0.173746585846,0.387529850006,3472,3466,11188,1526,3472,3466,11188,1526,276276,160140,160220
UL_LAT_BD,2017-03-03 16:16:48.456918,1.76280331612,0.920841217041,0.050888299942,0.2891497612,0.185055732727,0.0519325733185,0.111552715302,0.0999372005463,0.00650119781494,0.0357954502106,0.0212323665619,0.0265917778015,0.173878908157,0.387583732605,3473,3467,11198,1527,3473,3467,11198,1527,276384,160216,160352
UL_LAT_BD,2017-03-03 16:16:48.559044,1.7637283802,0.921124458313,0.0509080886841,0.289303779602,0.185168981552,0.0519654750824,0.111622810364,0.0999720096588,0.00650501251221,0.0358176231384,0.0212342739105,0.0265917778015,0.173949718475,0.387612581253,3476,3470,11206,1528,3476,3470,11206,1528,276612,160348,160436
UL_LAT_BD,2017-03-03 16:16:48.660838,1.76490330696,0.921466350555,0.0509271621704,0.289421796799,0.185260772705,0.0519890785217,0.11167883873,0.099995136261,0.00650811195374,0.035831451416,0.0212366580963,0.0265917778015,0.174034833908,0.387653589249,3478,3472,11213,1529,3478,3472,11213,1529,276780,160444,160536
UL_LAT_BD,2017-03-03 16:16:48.762986,1.76601696014,0.922772169113,0.0509440898895,0.290517568588,0.185334682465,0.0520117282867,0.111725091934,0.101014137268,0.00651216506958,0.0358493328094,0.0212438106537,0.0275776386261,0.17417383194,0.387696504593,3480,3474,11220,1530,3480,3474,11220,1530,276932,160532,160676
UL_LAT_BD,2017-03-03 16:16:48.865029,1.76697778702,0.923135280609,0.0509669780731,0.290717601776,0.185441732407,0.0520362854004,0.111802577972,0.101103305817,0.00651502609253,0.0358650684357,0.021253824234,0.0276329517365,0.174262285233,0.387743473053,3482,3476,11227,1531,3482,3476,11227,1531,277100,160628,160776
UL_LAT_BD,2017-03-03 16:16:48.966815,1.7680284977,0.923545598984,0.0509905815125,0.290974378586,0.185574769974,0.0520813465118,0.111877441406,0.101223945618,0.00651788711548,0.035879611969,0.0212988853455,0.0276787281036,0.174349069595,0.387777328491,3485,3479,11235,1532,3485,3479,11235,1532,277344,160768,160880
UL_LAT_BD,2017-03-03 16:16:49.069044,1.76885676384,0.92377614975,0.0510053634644,0.291083097458,0.185657739639,0.0521032810211,0.111931562424,0.101247787476,0.00651979446411,0.0358858108521,0.0213108062744,0.0276787281036,0.174417972565,0.387809276581,3487,3481,11240,1533,3487,3481,11240,1533,277496,160864,160964
UL_LAT_BD,2017-03-03 16:16:49.170838,1.76973700523,0.924059152603,0.0510191917419,0.291211128235,0.18572974205,0.0521245002747,0.111976623535,0.101298809052,0.00652289390564,0.0359179973602,0.0213217735291,0.0276787281036,0.174510478973,0.387849330902,3489,3483,11248,1534,3489,3483,11248,1534,277648,160952,161068
DL_LAT_BD,2017-03-03 16:16:49.061814,103,0,0,0
UL_LAT_BD,2017-03-03 16:16:49.272978,1.77064418793,0.924328565598,0.0510349273682,0.291326284409,0.185814857483,0.0521495342255,0.112030506134,0.101326942444,0.00652599334717,0.035924911499,0.0213356018066,0.0276787281036,0.174597740173,0.387894392014,3491,3485,11256,1535,3491,3485,11256,1535,277816,161048,161188
UL_LAT_BD,2017-03-03 16:16:49.375025,1.77197146416,0.924787521362,0.0510587692261,0.291593313217,0.186018705368,0.0521876811981,0.112186670303,0.101386785507,0.00653171539307,0.035952091217,0.0213525295258,0.0276787281036,0.174707651138,0.387937545776,3494,3488,11266,1536,3494,3488,11266,1536,278044,161180,161292
