DL_LAT_BD,2017-03-03 16:17:49.061853,103,0,0,0
UL_LAT_BD,2017-03-03 16:17:49.293940,2.43777394295,1.15748429298,0.0745980739594,0.403502941132,0.258976697922,0.0747177600861,0.157223463058,0.138689756393,0.00896072387695,0.0487368106842,0.0294351577759,0.0348491668701,0.23588514328,0.417812824249,4820,4828,15046,2136,4820,4828,15046,2136,383888,231008,234324
UL_LAT_BD,2017-03-03 16:17:49.395861,2.43888688087,1.1577706337,0.0746212005615,0.403599977493,0.259051799774,0.0747408866882,0.157270431519,0.138709783554,0.00896382331848,0.0487487316132,0.0294373035431,0.0348491668701,0.236003875732,0.417851924896,4822,4830,15052,2137,4822,4830,15052,2137,384040,231096,234424
UL_LAT_BD,2017-03-03 16:17:49.497933,2.44543361664,1.15819764137,0.0746660232544,0.403856992722,0.259213924408,0.0747830867767,0.157379388809,0.138799667358,0.00896859169006,0.0487847328186,0.0294804573059,0.0348491668701,0.236078023911,0.417891979218,4825,4833,15058,2138,4825,4833,15058,2138,384284,231240,234544
UL_LAT_BD,2017-03-03 16:17:49.600100,2.44730520248,1.1584789753,0.0746848583221,0.403980970383,0.259308815002,0.074807882309,0.157442569733,0.138826847076,0.00897169113159,0.048802614212,0.0294828414917,0.0348491668701,0.236164808273,0.417934894562,4827,4835,15064,2139,4827,4835,15064,2139,384452,231336,234648
UL_LAT_BD,2017-03-03 16:17:49.701816,2.44816327095,1.15871977806,0.0747017860413,0.404086828232,0.259391546249,0.074836730957,0.1574883461,0.138846874237,0.00897479057312,0.048814535141,0.0294847488403,0.0348491668701,0.236241102219,0.417969942093,4829,4837,15071,2140,4829,4837,15071,2140,384604,231424,234748
UL_LAT_BD,2017-03-03 16:17:49.803942,2.44912910461,1.1590051651,0.0747318267822,0.404239654541,0.259514570236,0.074875831604,0.157560586929,0.138874769211,0.00897884368896,0.0488297939301,0.029486656189,0.0348491668701,0.236296892166,0.418007135391,4832,4840,15076,2141,4832,4840,15076,2141,384848,231572,234868
UL_LAT_BD,2017-03-03 16:17:49.906258,2.45027709007,1.15927505493,0.0747509002686,0.404394626617,0.259603261948,0.0749022960663,0.157613515854,0.138937950134,0.00898313522339,0.0488388538361,0.0295295715332,0.0348491668701,0.236351966858,0.418042182922,4834,4842,15080,2142,4834,4842,15080,2142,385000,231660,234964
UL_LAT_BD,2017-03-03 16:17:50.007944,2.45126581192,1.15957999229,0.0747728347778,0.404500722885,0.259687423706,0.0749289989471,0.157665491104,0.138958930969,0.00898694992065,0.0488476753235,0.0295314788818,0.0348491668701,0.236479043961,0.418083190918,4836,4844,15086,2143,4836,4844,15086,2143,385152,231748,235064
UL_LAT_BD,2017-03-03 16:17:50.110115,2.45216941833,1.15982866287,0.0747897624969,0.404617547989,0.259780168533,0.0749566555023,0.15772652626,0.138982057571,0.0089898109436,0.0488607883453,0.0295333862305,0.0348491668701,0.23655629158,0.418115139008,4838,4846,15092,2144,4838,4846,15092,2144,385320,231852,235148
DL_LAT_BD,2017-03-03 16:17:50.061901,103,0,0,0
UL_LAT_BD,2017-03-03 16:17:50.211876,2.45325517654,1.16015172005,0.0748116970062,0.404805421829,0.259894132614,0.0749886035919,0.157797574997,0.139053106308,0.00899291038513,0.0488767623901,0.0295464992523,0.0348761081696,0.236627340317,0.418153047562,4841,4849,15097,2145,4841,4849,15097,2145,385548,231984,235252
UL_LAT_BD,2017-03-03 16:17:50.314080,2.4541323185,1.16057276726,0.0748310089111,0.4050552845,0.259998083115,0.0750215053558,0.157859802246,0.13919711113,0.00899791717529,0.0488927364349,0.0295822620392,0.0349550247192,0.236716508865,0.418210983276,4843,4851,15104,2146,4843,4851,15104,2146,385716,232084,235372
UL_LAT_BD,2017-03-03 16:17:50.415799,2.45495462418,1.16089177132,0.0748450756073,0.405237436295,0.260097026825,0.0750463008881,0.157910108566,0.139277935028,0.00900197029114,0.0489017963409,0.0295922756195,0.0350079536438,0.236794710159,0.418246984482,4845,4853,15111,2147,4845,4853,15111,2147,385868,232172,235472
UL_LAT_BD,2017-03-03 16:17:50.517885,2.4557723999,1.16118550301,0.0748610496521,0.405397415161,0.260202884674,0.0750892162323,0.157966136932,0.139330148697,0.00900530815125,0.0489075183868,0.0296304225922,0.0350079536438,0.236866474152,0.41828584671,4847,4855,15117,2148,4847,4855,15117,2148,386036,232272,235592
UL_LAT_BD,2017-03-03 16:17:50.620100,2.45674586296,1.16150331497,0.0748817920685,0.405571460724,0.260337114334,0.075133562088,0.158043861389,0.139365196228,0.00901031494141,0.0489184856415,0.0296454429626,0.0350079536438,0.236945867538,0.418321847916,4850,4858,15124,2149,4850,4858,15124,2149,386264,232404,235696
UL_LAT_BD,2017-03-03 16:17:50.721911,2.457706213,1.16178822517,0.0749006271362,0.405699491501,0.260433912277,0.0751616954803,0.158103704453,0.139394283295,0.00901436805725,0.0489263534546,0.0296587944031,0.0350079536438,0.23703289032,0.418361902237,4852,4860,15131,2150,4852,4860,15131,2150,386432,232500,235796
UL_LAT_BD,2017-03-03 16:17:50.823943,2.45858001709,1.16210722923,0.074916601181,0.405872583389,0.2605240345,0.0751876831055,0.158158540726,0.139474153519,0.0090172290802,0.0489463806152,0.0296723842621,0.0350449085236,0.237108707428,0.418406009674,4854,4862,15136,2151,4854,4862,15136,2151,386584,232588,235900
UL_LAT_BD,2017-03-03 16:17:50.925851,2.45935916901,1.16237568855,0.0749309062958,0.405979633331,0.260600090027,0.075208902359,0.158205270767,0.139503240585,0.00902128219604,0.0489573478699,0.0296823978424,0.0350449085236,0.23721075058,0.418443202972,4856,4864,15141,2152,4856,4864,15141,2152,386736,232676,236000
UL_LAT_BD,2017-03-03 16:17:51.027876,2.46044778824,1.16272115707,0.0749559402466,0.406186580658,0.260738134384,0.0752503871918,0.158286094666,0.139569044113,0.00902724266052,0.0489933490753,0.0296986103058,0.0350449085236,0.237273216248,0.41848731041,4859,4867,15146,2153,4859,4867,15146,2153,386980,232820,236104
DL_LAT_BD,2017-03-03 16:17:51.061853,103,0,0,0
UL_LAT_BD,2017-03-03 16:17:51.130106,2.46144938469,1.1630821228,0.0749790668488,0.406409502029,0.260877132416,0.0752854347229,0.158378124237,0.13965010643,0.00903344154358,0.0490221977234,0.0297167301178,0.0350687503815,0.237342834473,0.418526411057,4861,4869,15151,2154,4861,4869,15151,2154,387148,232928,236204
UL_LAT_BD,2017-03-03 16:17:51.231883,2.46221375465,1.16331291199,0.0750000476837,0.406520366669,0.260952949524,0.0753080844879,0.158423900604,0.139684200287,0.00903654098511,0.0490381717682,0.0297267436981,0.0350687503815,0.237404823303,0.418557405472,4863,4871,15155,2155,4863,4871,15155,2155,387300,233020,236288
UL_LAT_BD,2017-03-03 16:17:51.333982,2.46360230446,1.16399073601,0.0752429962158,0.406742334366,0.261110782623,0.0753571987152,0.158520936966,0.139745235443,0.00904273986816,0.0490608215332,0.0297484397888,0.0350687503815,0.237535238266,0.418621301651,4866,4874,15163,2156,4866,4874,15163,2156,387544,233160,236428
