UL_LAT_BD,2017-03-03 16:17:24.915899,2.19029116631,1.06887984276,0.0640466213226,0.361132383347,0.231613397598,0.0662846565247,0.14021897316,0.124329090118,0.00800466537476,0.0432109832764,0.0260539054871,0.0319061279297,0.212393760681,0.408005952835,4278,4286,13541,1897,4278,4286,13541,1897,340744,205292,208960
UL_LAT_BD,2017-03-03 16:17:25.017912,2.19123077393,1.06918120384,0.0640692710876,0.361309289932,0.231741428375,0.0663275718689,0.140297174454,0.124374866486,0.00800848007202,0.0432302951813,0.0260689258575,0.0319061279297,0.212455749512,0.408037900925,4281,4289,13545,1898,4281,4289,13545,1898,340988,205436,209060
UL_LAT_BD,2017-03-03 16:17:25.120005,2.19218182564,1.06941914558,0.0640842914581,0.361427307129,0.231822490692,0.0663516521454,0.140345096588,0.12440776825,0.00801157951355,0.0432472229004,0.0260789394379,0.0319061279297,0.212511777878,0.408082962036,4283,4291,13549,1899,4283,4291,13549,1899,341140,205532,209160
UL_LAT_BD,2017-03-03 16:17:25.220883,2.19306635857,1.06974172592,0.0641021728516,0.361614227295,0.231922626495,0.0663805007935,0.140407800674,0.124490737915,0.0080144405365,0.0432732105255,0.026095867157,0.0319359302521,0.212587594986,0.4081158638,4285,4293,13555,1900,4285,4293,13555,1900,341308,205628,209264
DL_LAT_BD,2017-03-03 16:17:25.061868,103,0,0,0
UL_LAT_BD,2017-03-03 16:17:25.324084,2.19405388832,1.07009768486,0.0641241073608,0.361796140671,0.232049465179,0.0664184093475,0.140484809875,0.124541759491,0.00801968574524,0.0432932376862,0.026113986969,0.0319359302521,0.21268081665,0.408160686493,4288,4296,13561,1901,4288,4296,13561,1901,341536,205764,209364
UL_LAT_BD,2017-03-03 16:17:25.425865,2.19494056702,1.0703728199,0.0641388893127,0.361914157867,0.232134342194,0.0664448738098,0.140539169312,0.124572753906,0.00802373886108,0.043309211731,0.0261220932007,0.0319359302521,0.212770223618,0.408202648163,4290,4298,13569,1902,4290,4298,13569,1902,341704,205860,209488
UL_LAT_BD,2017-03-03 16:17:25.527975,2.19586396217,1.07063007355,0.0641548633575,0.362019062042,0.232207536697,0.0664670467377,0.140585184097,0.124601602554,0.00802779197693,0.0433230400085,0.0261301994324,0.0319359302521,0.212858200073,0.408245801926,4292,4300,13578,1903,4292,4300,13578,1903,341856,205948,209592
UL_LAT_BD,2017-03-03 16:17:25.630012,2.19686174393,1.07095742226,0.0641739368439,0.362197875977,0.232302427292,0.0664930343628,0.140644550323,0.124683618546,0.00803184509277,0.0433483123779,0.0261471271515,0.0319669246674,0.212942123413,0.408280611038,4294,4302,13585,1904,4294,4302,13585,1904,342024,206044,209676
UL_LAT_BD,2017-03-03 16:17:25.731897,2.19798851013,1.07130932808,0.0641946792603,0.362388849258,0.232432365417,0.0665318965912,0.140725374222,0.124739408493,0.00803756713867,0.0433733463287,0.0261645317078,0.0319669246674,0.213035106659,0.408317565918,4297,4305,13593,1905,4297,4305,13593,1905,342252,206176,209796
UL_LAT_BD,2017-03-03 16:17:25.834065,2.19900631905,1.07159543037,0.0642156600952,0.362511634827,0.232518196106,0.066558599472,0.140781641006,0.124774456024,0.00804042816162,0.0433893203735,0.0261776447296,0.0319669246674,0.213111400604,0.408360481262,4299,4307,13599,1906,4299,4307,13599,1906,342420,206276,209896
UL_LAT_BD,2017-03-03 16:17:25.935813,2.19975733757,1.07185649872,0.0642294883728,0.362642765045,0.232592344284,0.0665814876556,0.140828609467,0.124831438065,0.00804424285889,0.043404340744,0.0261886119843,0.0319900512695,0.213180541992,0.408396482468,4301,4309,13606,1907,4301,4309,13606,1907,342572,206364,209996
UL_LAT_BD,2017-03-03 16:17:26.037885,2.20099043846,1.07215595245,0.0642492771149,0.362765789032,0.232679128647,0.0666060447693,0.140883684158,0.124865531921,0.00804710388184,0.0434243679047,0.0261964797974,0.0319900512695,0.213292360306,0.408434391022,4303,4311,13613,1908,4303,4311,13613,1908,342740,206460,210120
UL_LAT_BD,2017-03-03 16:17:26.140101,2.20215725899,1.07248854637,0.0642714500427,0.362939834595,0.232799053192,0.0666451454163,0.140955686569,0.124915361404,0.008052110672,0.0434436798096,0.0262124538422,0.0319900512695,0.213379621506,0.408470392227,4306,4314,13620,1909,4306,4314,13620,1909,342968,206600,210224
DL_LAT_BD,2017-03-03 16:17:26.061919,103,0,0,0
UL_LAT_BD,2017-03-03 16:17:26.241909,2.20316052437,1.07291388512,0.0643935203552,0.363099813461,0.232918024063,0.0666749477386,0.141035556793,0.124953508377,0.00805616378784,0.0434627532959,0.0262222290039,0.0319900512695,0.213478803635,0.408506393433,4308,4316,13627,1910,4308,4316,13627,1910,343136,206696,210328
UL_LAT_BD,2017-03-03 16:17:26.344051,2.20412254333,1.07340312004,0.0644886493683,0.363314151764,0.233019113541,0.0667052268982,0.141100406647,0.125062227249,0.00806212425232,0.0434927940369,0.0262389183044,0.0320420265198,0.213554382324,0.408540487289,4310,4318,13632,1911,4310,4318,13632,1911,343288,206784,210428
UL_LAT_BD,2017-03-03 16:17:26.445854,2.20504975319,1.07386040688,0.0646297931671,0.363478183746,0.233151197433,0.0667498111725,0.141181945801,0.125090122223,0.00806617736816,0.0435035228729,0.0262489318848,0.0320420265198,0.213664293289,0.408574581146,4312,4320,13639,1912,4312,4320,13639,1912,343456,206880,210532
UL_LAT_BD,2017-03-03 16:17:26.547878,2.20602941513,1.07424521446,0.0647234916687,0.363653182983,0.233275175095,0.0667855739594,0.141260623932,0.12513923645,0.00807118415833,0.0435264110565,0.0262615680695,0.0320420265198,0.213736057281,0.408611536026,4315,4323,13645,1913,4315,4323,13645,1913,343700,207020,210632
UL_LAT_BD,2017-03-03 16:17:26.650109,2.20686507225,1.07461762428,0.0648164749146,0.363824367523,0.233356237411,0.0668118000031,0.141308546066,0.125227212906,0.00807428359985,0.0435523986816,0.0262775421143,0.0320761203766,0.213802099228,0.408645391464,4317,4325,13651,1914,4317,4325,13651,1914,343852,207112,210732
UL_LAT_BD,2017-03-03 16:17:26.751816,2.20764780045,1.07492542267,0.064891576767,0.36396241188,0.233448266983,0.0668396949768,0.141364812851,0.125269174576,0.0080783367157,0.0435781478882,0.0262856483459,0.0320761203766,0.213858127594,0.408678293228,4319,4327,13656,1915,4319,4327,13656,1915,344020,207212,210812
UL_LAT_BD,2017-03-03 16:17:26.854041,2.20884752274,1.07545208931,0.06507563591,0.364136457443,0.23357129097,0.0668790340424,0.141437768936,0.125316381454,0.00808238983154,0.043595790863,0.0262994766235,0.0320761203766,0.213976144791,0.408718347549,4322,4330,13662,1916,4322,4330,13662,1916,344248,207344,210932
UL_LAT_BD,2017-03-03 16:17:26.955754,2.20972084999,1.07579374313,0.0651698112488,0.364251375198,0.23365020752,0.0669021606445,0.141486883163,0.125351428986,0.00808548927307,0.0436096191406,0.0263113975525,0.0320761203766,0.21406006813,0.408756256104,4324,4332,13669,1917,4324,4332,13669,1917,344400,207436,211032
UL_LAT_BD,2017-03-03 16:17:27.057877,2.21065855026,1.07623267174,0.0652437210083,0.364479064941,0.233780145645,0.0669603347778,0.141549110413,0.12544631958,0.0080885887146,0.0436367988586,0.0263273715973,0.0321161746979,0.214152097702,0.40879034996,4326,4334,13677,1918,4326,4334,13677,1918,344568,207536,211136
