UL_LAT_BD,2017-03-03 16:15:37.465092,0.953004598618,0.6432929039,0.0288760662079,0.155387878418,0.0994074344635,0.0276870727539,0.058331489563,0.0537447929382,0.00327062606812,0.0197360515594,0.0115029811859,0.0138053894043,0.0989320278168,0.350662708282,1897,1891,6041,831,1897,1891,6041,831,150468,87220,87384
UL_LAT_BD,2017-03-03 16:15:37.566928,0.953941106796,0.643599510193,0.0288932323456,0.155530929565,0.0995073318481,0.0277171134949,0.0583925247192,0.0537850856781,0.00327491760254,0.0197479724884,0.0115211009979,0.0138053894043,0.0990107059479,0.35072183609,1899,1893,6048,832,1899,1893,6048,832,150636,87316,87488
UL_LAT_BD,2017-03-03 16:15:37.669043,0.954841852188,0.643875598907,0.0289101600647,0.155644893646,0.0995862483978,0.0277414321899,0.0584404468536,0.0538182258606,0.00327730178833,0.0197606086731,0.0115332603455,0.0138053894043,0.099109172821,0.350761651993,1901,1895,6056,833,1901,1895,6056,833,150788,87404,87592
UL_LAT_BD,2017-03-03 16:15:37.770820,0.955751895905,0.64417052269,0.0289282798767,0.155753612518,0.0996680259705,0.0277652740479,0.0584926605225,0.0538442134857,0.00328040122986,0.0197706222534,0.0115432739258,0.0138053894043,0.0991992950439,0.350829601288,1903,1897,6063,834,1903,1897,6063,834,150956,87500,87692
UL_LAT_BD,2017-03-03 16:15:37.872960,0.956815242767,0.644509792328,0.0289528369904,0.155921697617,0.0997860431671,0.0277969837189,0.0585646629333,0.0538930892944,0.00328350067139,0.0197944641113,0.0115582942963,0.0138053894043,0.0992732048035,0.350893497467,1906,1900,6069,835,1906,1900,6069,835,151200,87640,87796
UL_LAT_BD,2017-03-03 16:15:37.975011,0.957796812057,0.644914865494,0.0289666652679,0.156179904938,0.0998680591583,0.027820110321,0.058614730835,0.0540671348572,0.00328850746155,0.0198154449463,0.0115733146667,0.0139331817627,0.0993621349335,0.350927591324,1908,1902,6076,836,1908,1902,6076,836,151352,87728,87896
UL_LAT_BD,2017-03-03 16:15:38.076911,0.958774328232,0.645286560059,0.0289859771729,0.156311035156,0.0999610424042,0.0278449058533,0.0586726665497,0.0541031360626,0.00329256057739,0.0198304653168,0.01158452034,0.0139331817627,0.0994555950165,0.350960731506,1910,1904,6084,837,1910,1904,6084,837,151504,87824,88000
DL_LAT_BD,2017-03-03 16:15:38.062733,103,0,0,0
UL_LAT_BD,2017-03-03 16:15:38.179063,0.959651470184,0.645633459091,0.0290060043335,0.156502962112,0.10009098053,0.0278830528259,0.0587525367737,0.0541622638702,0.00330233573914,0.0198576450348,0.0115985870361,0.0139331817627,0.0995395183563,0.351001739502,1913,1907,6089,838,1913,1907,6089,838,151748,87968,88096
UL_LAT_BD,2017-03-03 16:15:38.280845,0.960763216019,0.645954847336,0.0290348529816,0.156642913818,0.100162982941,0.0279037952423,0.0587968826294,0.0542290210724,0.00330519676208,0.0198788642883,0.0116126537323,0.0139560699463,0.0996494293213,0.351034641266,1915,1909,6098,839,1915,1909,6098,839,151900,88056,88200
UL_LAT_BD,2017-03-03 16:15:38.382950,0.961755037308,0.646267175674,0.0290560722351,0.156785011292,0.100264072418,0.0279340744019,0.0588600635529,0.0542681217194,0.00330901145935,0.0198965072632,0.0116250514984,0.0139560699463,0.0997414588928,0.351079702377,1917,1911,6106,840,1917,1911,6106,840,152068,88152,88300
UL_LAT_BD,2017-03-03 16:15:38.485128,0.962603569031,0.646518230438,0.029069185257,0.156888246536,0.100337982178,0.0279579162598,0.0589051246643,0.0542941093445,0.00331091880798,0.0199062824249,0.0116341114044,0.0139560699463,0.0998284816742,0.351117610931,1919,1913,6113,841,1919,1913,6113,841,152220,88240,88404
UL_LAT_BD,2017-03-03 16:15:38.586922,0.963648557663,0.646865367889,0.0290932655334,0.157086849213,0.100481987,0.02800989151,0.0589869022369,0.0543439388275,0.00331497192383,0.0199303627014,0.0116491317749,0.0139560699463,0.0998966693878,0.351168632507,1922,1916,6119,842,1922,1916,6119,842,152464,88380,88524
UL_LAT_BD,2017-03-03 16:15:38.689052,0.964532136917,0.64718914032,0.0291082859039,0.157257795334,0.1005859375,0.0280566215515,0.0590410232544,0.0544090270996,0.00331807136536,0.0199506282806,0.0116629600525,0.0139780044556,0.099990606308,0.351201534271,1924,1918,6127,843,1924,1918,6127,843,152632,88476,88628
UL_LAT_BD,2017-03-03 16:15:38.790817,0.965363740921,0.64746761322,0.0291221141815,0.157357931137,0.100656986237,0.0280773639679,0.0590841770172,0.0544357299805,0.00332093238831,0.0199615955353,0.0116729736328,0.0139780044556,0.100114345551,0.351234436035,1926,1920,6135,844,1926,1920,6135,844,152784,88564,88728
UL_LAT_BD,2017-03-03 16:15:38.892943,0.966152429581,0.647720813751,0.029137134552,0.157485961914,0.100733041763,0.0281007289886,0.0591320991516,0.0544857978821,0.00332427024841,0.0199806690216,0.0116839408875,0.0139780044556,0.100186347961,0.35126543045,1928,1922,6142,845,1928,1922,6142,845,152936,88652,88832
UL_LAT_BD,2017-03-03 16:15:38.995116,0.967205286026,0.648076295853,0.0291602611542,0.157684803009,0.100848913193,0.0281345844269,0.0592038631439,0.0545659065247,0.00332951545715,0.0200085639954,0.0117008686066,0.0140001773834,0.100278139114,0.351298332214,1931,1925,6149,846,1931,1925,6149,846,153180,88792,88932
DL_LAT_BD,2017-03-03 16:15:39.061853,103,0,0,0
UL_LAT_BD,2017-03-03 16:15:39.096917,0.968270540237,0.64835858345,0.0291743278503,0.157806873322,0.100931882858,0.028160572052,0.0592539310455,0.054603099823,0.003333568573,0.0200257301331,0.0117127895355,0.0140001773834,0.100380182266,0.351332426071,1933,1927,6158,847,1933,1927,6158,847,153332,88888,89036
UL_LAT_BD,2017-03-03 16:15:39.198949,0.969139814377,0.648600578308,0.0291881561279,0.157903909683,0.101001977921,0.0281803607941,0.0592980384827,0.0546281337738,0.00333642959595,0.0200350284576,0.0117206573486,0.0140001773834,0.100466251373,0.351366519928,1935,1929,6166,848,1935,1929,6166,848,153484,88976,89136
UL_LAT_BD,2017-03-03 16:15:39.300874,0.969913721085,0.648874521255,0.0292062759399,0.15803194046,0.101090192795,0.0282044410706,0.0593500137329,0.0546669960022,0.00334024429321,0.0200500488281,0.0117347240448,0.0140001773834,0.100556135178,0.351398468018,1937,1931,6172,849,1937,1931,6172,849,153652,89072,89240
UL_LAT_BD,2017-03-03 16:15:39.402954,0.970983028412,0.649322509766,0.0292291641235,0.158316135406,0.101238250732,0.0282485485077,0.0594432353973,0.0548000335693,0.00334811210632,0.0200893878937,0.0117557048798,0.0140571594238,0.100648164749,0.351433515549,1940,1934,6180,850,1940,1934,6180,850,153896,89212,89340
UL_LAT_BD,2017-03-03 16:15:39.505174,0.971904754639,0.649567842484,0.0292429924011,0.15841794014,0.101310014725,0.0282683372498,0.0594882965088,0.0548260211945,0.00335001945496,0.0200991630554,0.0117645263672,0.0140571594238,0.100738048553,0.351466655731,1942,1936,6188,851,1942,1936,6188,851,154048,89300,89444
UL_LAT_BD,2017-03-03 16:15:39.606921,0.972842216492,0.649846792221,0.029265165329,0.158549785614,0.101402997971,0.0282969474792,0.059544801712,0.0548639297485,0.00335383415222,0.0201182365417,0.0117745399475,0.0140571594238,0.10081744194,0.351503610611,1944,1938,6194,852,1944,1938,6194,852,154216,89396,89564
UL_LAT_BD,2017-03-03 16:15:39.708943,0.973859071732,0.650177955627,0.0292861461639,0.158735990524,0.10150718689,0.0283257961273,0.0596098899841,0.054943561554,0.00335955619812,0.0201473236084,0.0117933750153,0.0140800476074,0.100900650024,0.351533651352,1947,1941,6201,853,1947,1941,6201,853,154444,89528,89668
UL_LAT_BD,2017-03-03 16:15:39.810855,0.974742650986,0.650436639786,0.029304265976,0.158856868744,0.101595163345,0.0283596515656,0.0596559047699,0.0549755096436,0.00336337089539,0.0201625823975,0.0118024349213,0.0140800476074,0.100983142853,0.351565599442,1949,1943,6209,854,1949,1943,6209,854,154596,89616,89768
