UL_LAT_BD,2017-03-03 16:14:55.135013,0.486719846725,0.174783706665,0.0162754058838,0.0827243328094,0.0555729866028,0.0157079696655,0.0327787399292,0.0260870456696,0.00156664848328,0.00877785682678,0.00586986541748,0.00712037086487,0.0546798706055,0.0168843269348,947,943,2996,416,947,943,2996,416,75176,43600,43872
UL_LAT_BD,2017-03-03 16:14:55.236928,0.488057374954,0.175029754639,0.0162913799286,0.0828123092651,0.0556409358978,0.0157299041748,0.0328209400177,0.0261051654816,0.00156855583191,0.00878882408142,0.00587177276611,0.00712037086487,0.0547747612,0.0169231891632,949,945,3004,417,949,945,3004,417,75328,43688,43972
DL_LAT_BD,2017-03-03 16:14:55.062081,103,0,0,0
UL_LAT_BD,2017-03-03 16:14:55.339052,0.494098901749,0.175385713577,0.0163290500641,0.083000421524,0.0557899475098,0.0157849788666,0.0329043865204,0.0261390209198,0.00157237052917,0.00880789756775,0.00587272644043,0.00712037086487,0.0548415184021,0.0169773101807,952,948,3009,418,952,948,3009,418,75572,43828,44076
UL_LAT_BD,2017-03-03 16:14:55.440861,0.494936704636,0.175679206848,0.0163440704346,0.083158493042,0.0558819770813,0.0158121585846,0.0329620838165,0.026202917099,0.00157618522644,0.00882387161255,0.00591254234314,0.00712037086487,0.0549247264862,0.0170085430145,954,950,3016,419,954,950,3016,419,75740,43924,44176
UL_LAT_BD,2017-03-03 16:14:55.542977,0.495735645294,0.175915241241,0.0163571834564,0.0832502841949,0.0559527873993,0.0158340930939,0.0330090522766,0.026221036911,0.00157928466797,0.00883388519287,0.00591349601746,0.00712037086487,0.0550134181976,0.0170426368713,956,952,3024,420,956,952,3024,420,75892,44012,44280
UL_LAT_BD,2017-03-03 16:14:55.645105,0.496554136276,0.176174402237,0.0163731575012,0.0833523273468,0.0560328960419,0.0158560276031,0.0330591201782,0.0262410640717,0.00158214569092,0.00884604454041,0.00591349601746,0.00712037086487,0.0551064014435,0.0170826911926,958,954,3031,421,958,954,3031,421,76060,44108,44380
UL_LAT_BD,2017-03-03 16:14:55.746924,0.497700214386,0.176610469818,0.0163972377777,0.0835843086243,0.0561900138855,0.0158982276917,0.0331633090973,0.0263137817383,0.00158905982971,0.00886940956116,0.00594544410706,0.00712037086487,0.0552263259888,0.0171296596527,961,957,3038,422,961,957,3038,422,76288,44240,44484
UL_LAT_BD,2017-03-03 16:14:55.849044,0.498481035233,0.176837444305,0.0164113044739,0.0836923122406,0.056272983551,0.0159220695496,0.0332152843475,0.0263388156891,0.00159192085266,0.0088837146759,0.00594735145569,0.00712037086487,0.0552904605865,0.0171656608582,963,959,3043,423,963,959,3043,423,76456,44336,44604
UL_LAT_BD,2017-03-03 16:14:55.950919,0.499350070953,0.177117347717,0.0164263248444,0.0838143825531,0.0563678741455,0.0159504413605,0.0332765579224,0.0263638496399,0.00159502029419,0.00889778137207,0.00594925880432,0.00712037086487,0.0553843975067,0.0172047615051,965,961,3050,424,965,961,3050,424,76608,44424,44708
UL_LAT_BD,2017-03-03 16:14:56.052960,0.50106883049,0.177489995956,0.0164420604706,0.083984375,0.0564589500427,0.0159754753113,0.0333325862885,0.0264408588409,0.00159931182861,0.00892758369446,0.00598931312561,0.00712037086487,0.0554802417755,0.017285823822,967,963,3058,425,967,963,3058,425,76776,44520,44832
UL_LAT_BD,2017-03-03 16:14:56.155064,0.501972675323,0.177832365036,0.0165190696716,0.0841255187988,0.0565650463104,0.0160050392151,0.0333995819092,0.0264728069305,0.00160217285156,0.0089476108551,0.00599122047424,0.00712037086487,0.0555682182312,0.017315864563,970,966,3064,426,970,966,3064,426,77004,44660,44916
DL_LAT_BD,2017-03-03 16:14:56.062120,103,0,0,0
UL_LAT_BD,2017-03-03 16:14:56.256915,0.50288438797,0.17818903923,0.0165998935699,0.0842604637146,0.0566461086273,0.0160279273987,0.0334496498108,0.0265247821808,0.00163292884827,0.0089635848999,0.00599336624146,0.00712037086487,0.0556468963623,0.0173678398132,972,968,3070,427,972,968,3070,427,77172,44756,45016
UL_LAT_BD,2017-03-03 16:14:56.359064,0.503674507141,0.17845749855,0.0166137218475,0.0844013690948,0.0567200183868,0.0160479545593,0.0334966182709,0.0265877246857,0.00163602828979,0.00897169113159,0.00604224205017,0.00712037086487,0.0557177066803,0.0174028873444,974,970,3077,428,974,970,3077,428,77324,44844,45140
UL_LAT_BD,2017-03-03 16:14:56.461262,0.504676580429,0.178739786148,0.0166318416595,0.0845243930817,0.0568182468414,0.0160794258118,0.0335564613342,0.0266106128693,0.00163984298706,0.00897789001465,0.00605130195618,0.00712037086487,0.055805683136,0.01744389534,976,972,3085,429,976,972,3085,429,77492,44940,45240
UL_LAT_BD,2017-03-03 16:14:56.562963,0.505859851837,0.179028749466,0.0166535377502,0.0846722126007,0.0569272041321,0.0161101818085,0.033623456955,0.0266485214233,0.00164556503296,0.00898909568787,0.00606942176819,0.00712037086487,0.0558838844299,0.0174748897552,979,975,3092,430,979,975,3092,430,77720,45072,45344
UL_LAT_BD,2017-03-03 16:14:56.665063,0.506906747818,0.179428815842,0.0167634487152,0.0847949981689,0.0570242404938,0.0161409378052,0.0336849689484,0.0266714096069,0.00164842605591,0.00899505615234,0.00607943534851,0.00712037086487,0.0559711456299,0.017541885376,981,977,3099,431,981,977,3099,431,77888,45168,45444
UL_LAT_BD,2017-03-03 16:14:56.766924,0.507924079895,0.179727315903,0.0167765617371,0.0849418640137,0.0571241378784,0.0161695480347,0.0337474346161,0.0267174243927,0.00165224075317,0.0090160369873,0.00609254837036,0.00712037086487,0.0560595989227,0.0175800323486,983,979,3106,432,983,979,3106,432,78040,45256,45548
UL_LAT_BD,2017-03-03 16:14:56.869049,0.50902557373,0.18017745018,0.0168566703796,0.0851848125458,0.0572562217712,0.0162074565887,0.033828496933,0.0268244743347,0.00165724754333,0.00905203819275,0.00612640380859,0.00714254379272,0.0561437606812,0.0176131725311,986,982,3114,433,986,982,3114,433,78284,45396,45648
UL_LAT_BD,2017-03-03 16:14:56.970222,0.510016441345,0.180467367172,0.0168747901917,0.0853176116943,0.0573480129242,0.0162374973297,0.033887386322,0.0268616676331,0.00166153907776,0.0090708732605,0.00613760948181,0.00714254379272,0.0562427043915,0.0176470279694,988,984,3123,434,988,984,3123,434,78452,45492,45752
DL_LAT_BD,2017-03-03 16:14:57.062080,103,0,0,0
UL_LAT_BD,2017-03-03 16:14:57.072953,0.511123180389,0.181720495224,0.0168888568878,0.0854525566101,0.0574440956116,0.0162634849548,0.0339465141296,0.0268986225128,0.00166630744934,0.0090868473053,0.00615048408508,0.00714254379272,0.0563428401947,0.017678976059,990,986,3131,435,990,986,3131,435,78604,45588,45856
UL_LAT_BD,2017-03-03 16:14:57.175061,0.512087106705,0.182049036026,0.0169038772583,0.0855844020844,0.0575230121613,0.0162863731384,0.0339946746826,0.0269505977631,0.00167036056519,0.00912094116211,0.00616025924683,0.00714254379272,0.0564661026001,0.0177261829376,992,988,3139,436,992,988,3139,436,78756,45676,45960
UL_LAT_BD,2017-03-03 16:14:57.276932,0.513142824173,0.1824862957,0.0169296264648,0.085860490799,0.057676076889,0.0163426399231,0.0340807437897,0.0270707607269,0.00167655944824,0.00915884971619,0.00618529319763,0.00718665122986,0.0565621852875,0.0177571773529,995,991,3149,437,995,991,3149,437,79000,45816,46060
