UL_LAT_BD,2017-03-03 16:17:53.680077,2.48792529106,1.17141842842,0.0757400989532,0.410514593124,0.263422727585,0.0760538578033,0.159950256348,0.14115524292,0.00915098190308,0.0495562553406,0.0300512313843,0.0354282855988,0.239597320557,0.419502973557,4918,4926,15307,2179,4918,4926,15307,2179,391672,235580,238812
UL_LAT_BD,2017-03-03 16:17:53.781942,2.48895072937,1.17168402672,0.0757570266724,0.410633802414,0.263509988785,0.0760819911957,0.160004377365,0.141185045242,0.00915288925171,0.0495672225952,0.0300612449646,0.0354282855988,0.239679813385,0.419543981552,4920,4928,15314,2180,4920,4928,15314,2180,391840,235676,238912
UL_LAT_BD,2017-03-03 16:17:53.884005,2.48989462852,1.17197084427,0.07577085495,0.410769701004,0.263606786728,0.0761134624481,0.160063743591,0.141222238541,0.00915622711182,0.0495822429657,0.0300741195679,0.0354282855988,0.239771842957,0.41958117485,4922,4930,15320,2181,4922,4930,15320,2181,391992,235764,239016
UL_LAT_BD,2017-03-03 16:17:53.985851,2.49075937271,1.17225265503,0.0757858753204,0.41090464592,0.263700723648,0.0761404037476,0.160126924515,0.141259431839,0.00916147232056,0.0496010780334,0.0300853252411,0.0354282855988,0.239859104156,0.419617176056,4924,4932,15326,2182,4924,4932,15326,2182,392160,235860,239116
DL_LAT_BD,2017-03-03 16:17:54.061892,103,0,0,0
UL_LAT_BD,2017-03-03 16:17:54.087998,2.4919116497,1.17278838158,0.0758738517761,0.411210536957,0.263826608658,0.076176404953,0.160205125809,0.141433477402,0.0091655254364,0.0496332645416,0.0301074981689,0.0355362892151,0.239950180054,0.419658184052,4927,4935,15334,2183,4927,4935,15334,2183,392404,236008,239220
UL_LAT_BD,2017-03-03 16:17:54.190005,2.49279785156,1.17304563522,0.0758929252625,0.411329746246,0.263911724091,0.0762016773224,0.160256385803,0.141466379166,0.00916743278503,0.0496475696564,0.030116558075,0.0355362892151,0.240021944046,0.41969704628,4929,4937,15340,2184,4929,4937,15340,2184,392556,236096,239304
UL_LAT_BD,2017-03-03 16:17:54.291927,2.49384737015,1.17335939407,0.0759098529816,0.41148352623,0.26402258873,0.0762493610382,0.160310029984,0.141507148743,0.0091712474823,0.0496678352356,0.0301294326782,0.0355362892151,0.240103244781,0.419750213623,4931,4939,15346,2185,4931,4939,15346,2185,392708,236184,239420
UL_LAT_BD,2017-03-03 16:17:54.394036,2.49489355087,1.1737844944,0.0759348869324,0.411738395691,0.264176607132,0.0762972831726,0.160401821136,0.141605138779,0.00918030738831,0.0497009754181,0.0301494598389,0.0355613231659,0.240192651749,0.41979432106,4934,4942,15352,2186,4934,4942,15352,2186,392952,236332,239520
UL_LAT_BD,2017-03-03 16:17:54.495005,2.49565339088,1.17403912544,0.0759489536285,0.4118475914,0.264253854752,0.0763204097748,0.160449743271,0.141633272171,0.00918245315552,0.0497119426727,0.0301594734192,0.0355613231659,0.240281105042,0.419829368591,4936,4944,15358,2187,4936,4944,15358,2187,393104,236420,239620
UL_LAT_BD,2017-03-03 16:17:54.597944,2.49711036682,1.17433738708,0.075963973999,0.411982536316,0.264355659485,0.0763485431671,0.160517692566,0.141664266586,0.00918531417847,0.0497250556946,0.0301694869995,0.0355613231659,0.240381240845,0.419871330261,4938,4946,15363,2188,4938,4946,15363,2188,393272,236520,239716
UL_LAT_BD,2017-03-03 16:17:54.700103,2.49784994125,1.17455863953,0.0759797096252,0.412092685699,0.264432668686,0.0763726234436,0.160564661026,0.141694307327,0.00918745994568,0.0497400760651,0.0301764011383,0.0355613231659,0.240436077118,0.419906139374,4940,4948,15367,2189,4940,4948,15367,2189,393424,236608,239820
UL_LAT_BD,2017-03-03 16:17:54.801919,2.49884486198,1.175604105,0.0760035514832,0.413000583649,0.264574289322,0.0764071941376,0.160660743713,0.142458438873,0.00919342041016,0.0497813224792,0.0302224159241,0.0362234115601,0.240507364273,0.419939041138,4943,4951,15373,2190,4943,4951,15373,2190,393668,236748,239920
UL_LAT_BD,2017-03-03 16:17:54.903973,2.50090289116,1.176258564,0.0763576030731,0.41311955452,0.264658212662,0.0764334201813,0.160712242126,0.142491579056,0.00919628143311,0.0497944355011,0.0302336215973,0.0362234115601,0.240598678589,0.419994115829,4945,4953,15380,2191,4945,4953,15380,2191,393820,236836,240020
UL_LAT_BD,2017-03-03 16:17:55.005860,2.50162696838,1.17649459839,0.0763716697693,0.413229227066,0.264735221863,0.0764553546906,0.160760164261,0.142522335052,0.00919818878174,0.0498075485229,0.0302436351776,0.0362234115601,0.240665197372,0.420030117035,4947,4955,15386,2192,4947,4955,15386,2192,393972,236924,240120
UL_LAT_BD,2017-03-03 16:17:55.107922,2.502815485,1.17695379257,0.0763897895813,0.413476228714,0.264834165573,0.0764865875244,0.160820245743,0.142668485641,0.00920128822327,0.0498316287994,0.0302596092224,0.0363192558289,0.240800380707,0.420079231262,4949,4957,15393,2193,4949,4957,15393,2193,394140,237032,240224
UL_LAT_BD,2017-03-03 16:17:55.210122,2.50761008263,1.17733669281,0.0764257907867,0.413681030273,0.264982223511,0.0765237808228,0.160900831223,0.142724275589,0.00920820236206,0.0498578548431,0.0302746295929,0.0363192558289,0.240896940231,0.420114278793,4952,4960,15399,2194,4952,4960,15399,2194,394384,237172,240328
DL_LAT_BD,2017-03-03 16:17:55.061874,103,0,0,0
UL_LAT_BD,2017-03-03 16:17:55.311888,2.50847935677,1.17777562141,0.0765998363495,0.413820028305,0.265078306198,0.076545715332,0.160967826843,0.142765045166,0.00921201705933,0.049880027771,0.0302865505219,0.0363192558289,0.24097776413,0.420150279999,4954,4962,15405,2195,4954,4962,15405,2195,394536,237260,240428
UL_LAT_BD,2017-03-03 16:17:55.414032,2.50942707062,1.17813968658,0.076682806015,0.413945198059,0.265167474747,0.0765721797943,0.161022663116,0.142799854279,0.00921392440796,0.0498960018158,0.0302975177765,0.0363192558289,0.241087675095,0.420186281204,4956,4964,15411,2196,4956,4964,15411,2196,394704,237356,240532
UL_LAT_BD,2017-03-03 16:17:55.515880,2.51039266586,1.17855262756,0.0767025947571,0.414198160172,0.265250444412,0.0765974521637,0.161074399948,0.142965555191,0.00921964645386,0.0499279499054,0.030314207077,0.0364241600037,0.241169691086,0.420236349106,4958,4966,15418,2197,4958,4966,15418,2197,394856,237444,240656
