UL_LAT_BD,2017-03-03 16:16:20.712981,1.43185186386,0.812119960785,0.0422630310059,0.237745285034,0.153872251511,0.0420722961426,0.0925319194794,0.0804755687714,0.00524139404297,0.0296142101288,0.0173454284668,0.0201256275177,0.144542217255,0.373593091965,2858,2852,9167,1255,2858,2852,9167,1255,227480,131808,131900
UL_LAT_BD,2017-03-03 16:16:20.815035,1.43289065361,0.812547445297,0.0422801971436,0.238003492355,0.153955221176,0.0420958995819,0.0925827026367,0.0806496143341,0.00524425506592,0.0296361446381,0.0173823833466,0.0202307701111,0.144652605057,0.373626232147,2860,2854,9176,1256,2860,2854,9176,1256,227648,131904,132000
UL_LAT_BD,2017-03-03 16:16:20.916935,1.4337220192,0.812830686569,0.0422933101654,0.238139390945,0.154053449631,0.0421352386475,0.0926334857941,0.080685377121,0.00524806976318,0.0296490192413,0.0173933506012,0.0202307701111,0.144733190536,0.373667240143,2862,2856,9184,1257,2862,2856,9184,1257,227800,131992,132124
UL_LAT_BD,2017-03-03 16:16:21.019055,1.43479776382,0.813257694244,0.0423741340637,0.238326311111,0.154167413712,0.0421693325043,0.0927042961121,0.0807375907898,0.00525212287903,0.0296730995178,0.017409324646,0.0202307701111,0.144845247269,0.373700141907,2865,2859,9193,1258,2865,2859,9193,1258,228028,132124,132208
DL_LAT_BD,2017-03-03 16:16:21.062723,103,0,0,0
UL_LAT_BD,2017-03-03 16:16:21.120814,1.43571019173,0.813686609268,0.0424818992615,0.238502502441,0.154268503189,0.0421967506409,0.0927581787109,0.0808107852936,0.00525522232056,0.0296967029572,0.0174236297607,0.0202567577362,0.144946575165,0.373735189438,2867,2861,9201,1259,2867,2861,9201,1259,228196,132228,132312
UL_LAT_BD,2017-03-03 16:16:21.222963,1.43649625778,0.813930511475,0.0424957275391,0.238612413406,0.154344558716,0.0422177314758,0.0928065776825,0.0808436870575,0.00525903701782,0.0297129154205,0.0174336433411,0.0202567577362,0.145017385483,0.373776197433,2869,2863,9207,1260,2869,2863,9207,1260,228348,132316,132432
UL_LAT_BD,2017-03-03 16:16:21.325047,1.43767619133,0.814283370972,0.0425148010254,0.23872423172,0.154427528381,0.0422418117523,0.0928575992584,0.0808715820312,0.00526189804077,0.0297231674194,0.0174436569214,0.0202567577362,0.145196676254,0.373809337616,2871,2865,9215,1261,2871,2865,9215,1261,228516,132412,132536
UL_LAT_BD,2017-03-03 16:16:21.426912,1.43870830536,0.814680099487,0.0425400733948,0.238959312439,0.154575586319,0.0422806739807,0.0929548740387,0.080956697464,0.00528383255005,0.0297563076019,0.0174608230591,0.0202567577362,0.145289421082,0.37384223938,2874,2868,9222,1262,2874,2868,9222,1262,228760,132552,132636
UL_LAT_BD,2017-03-03 16:16:21.529056,1.4395070076,0.815006494522,0.0425553321838,0.239132404327,0.154661655426,0.0423066616058,0.0930097103119,0.0810406208038,0.00528907775879,0.0297842025757,0.0174760818481,0.0202836990356,0.145384311676,0.373876333237,2876,2870,9228,1263,2876,2870,9228,1263,228912,132640,132740
UL_LAT_BD,2017-03-03 16:16:21.630828,1.44043326378,0.815281629562,0.0425732135773,0.239265441895,0.154755830765,0.0423367023468,0.0930676460266,0.0810775756836,0.00529313087463,0.0298004150391,0.0174870491028,0.0202836990356,0.145463943481,0.373911380768,2878,2872,9235,1264,2878,2872,9235,1264,229080,132736,132840
UL_LAT_BD,2017-03-03 16:16:21.732991,1.44138264656,0.815555810928,0.0425882339478,0.239386558533,0.15483880043,0.0423626899719,0.093118429184,0.0811138153076,0.00529742240906,0.0298194885254,0.0174970626831,0.0202836990356,0.145555496216,0.373946428299,2880,2874,9243,1265,2880,2874,9243,1265,229232,132824,132944
UL_LAT_BD,2017-03-03 16:16:21.835040,1.44240498543,0.815919399261,0.0426073074341,0.239579439163,0.154945850372,0.0423953533173,0.0931878089905,0.0811967849731,0.00530028343201,0.0298483371735,0.0175149440765,0.0203077793121,0.145663499832,0.373980522156,2883,2877,9253,1266,2883,2877,9253,1266,229460,132956,133044
UL_LAT_BD,2017-03-03 16:16:21.936927,1.44332337379,0.816229343414,0.0426263809204,0.239726305008,0.155052900314,0.0424256324768,0.0932550430298,0.0812366008759,0.00530433654785,0.0298674106598,0.0175259113312,0.0203077793121,0.145757436752,0.374022483826,2885,2879,9261,1267,2885,2879,9261,1267,229628,133052,133168
UL_LAT_BD,2017-03-03 16:16:22.039131,1.44416761398,0.81650018692,0.0426404476166,0.23982834816,0.155124664307,0.0424475669861,0.0932998657227,0.0812644958496,0.00530648231506,0.0298793315887,0.0175349712372,0.0203077793121,0.145846366882,0.374078512192,2887,2881,9269,1268,2887,2881,9269,1268,229780,133140,133272
UL_LAT_BD,2017-03-03 16:16:22.140812,1.44520926476,0.816782474518,0.0426564216614,0.239958524704,0.15522146225,0.0424745082855,0.0933616161346,0.0812978744507,0.00530862808228,0.0298941135406,0.0175437927246,0.0203077793121,0.145937919617,0.374114513397,2889,2883,9278,1269,2889,2883,9278,1269,229948,133244,133376
UL_LAT_BD,2017-03-03 16:16:22.242950,1.44686770439,0.818270206451,0.0426824092865,0.241300582886,0.156465530396,0.0425171852112,0.094554901123,0.0813901424408,0.00531578063965,0.0299251079559,0.017561674118,0.0203356742859,0.146016836166,0.37414765358,2892,2886,9285,1270,2892,2886,9285,1270,230192,133384,133476
DL_LAT_BD,2017-03-03 16:16:22.061838,103,0,0,0
UL_LAT_BD,2017-03-03 16:16:22.345108,1.44783973694,0.818561077118,0.0426962375641,0.241430521011,0.156539440155,0.0425374507904,0.0946009159088,0.0814433097839,0.00531911849976,0.0299348831177,0.0175948143005,0.0203356742859,0.146118879318,0.374183654785,2894,2888,9293,1271,2894,2888,9293,1271,230344,133472,133580
UL_LAT_BD,2017-03-03 16:16:22.446922,1.44886517525,0.819009542465,0.0427112579346,0.241552591324,0.156625509262,0.0425605773926,0.0946598052979,0.0814771652222,0.00532221794128,0.0299518108368,0.0176048278809,0.0203356742859,0.146384954453,0.374217748642,2896,2890,9300,1272,2896,2890,9300,1272,230496,133560,133680
UL_LAT_BD,2017-03-03 16:16:22.549061,1.45010113716,0.819439888,0.0427377223969,0.24184346199,0.156791448593,0.0425996780396,0.0947759151459,0.0815992355347,0.00532722473145,0.029988527298,0.0176236629486,0.0203855037689,0.146454572678,0.374251842499,2899,2893,9306,1273,2899,2893,9306,1273,230740,133700,133784
UL_LAT_BD,2017-03-03 16:16:22.650817,1.45109772682,0.819716215134,0.0427525043488,0.241966247559,0.156873226166,0.0426235198975,0.0948259830475,0.0816371440887,0.00533008575439,0.0300076007843,0.0176358222961,0.0203855037689,0.146550655365,0.37428689003,2901,2895,9313,1274,2901,2895,9313,1274,230892,133788,133884
UL_LAT_BD,2017-03-03 16:16:22.752882,1.45202946663,0.819980382919,0.0427684783936,0.242082357407,0.15695810318,0.0426478385925,0.0948781967163,0.0816640853882,0.00533437728882,0.0300183296204,0.0176458358765,0.0203855037689,0.146641731262,0.374320030212,2903,2897,9321,1275,2903,2897,9321,1275,231060,133884,133988
UL_LAT_BD,2017-03-03 16:16:22.855012,1.4529941082,0.820247650146,0.0427854061127,0.242200136185,0.157032728195,0.0426707267761,0.0949242115021,0.0817053318024,0.00533723831177,0.0300405025482,0.0176558494568,0.0203855037689,0.146732568741,0.374354124069,2905,2899,9328,1276,2905,2899,9328,1276,231212,133972,134088
