UL_LAT_BD,2017-03-03 16:15:15.432960,0.701060056686,0.56138253212,0.0210409164429,0.117077589035,0.0779461860657,0.0213928222656,0.044872045517,0.0374271869659,0.00244307518005,0.0126557350159,0.00859880447388,0.00978803634644,0.0739521980286,0.342146396637,1407,1401,4436,615,1407,1401,4436,615,111612,64660,64756
UL_LAT_BD,2017-03-03 16:15:15.535143,0.702034950256,0.561655759811,0.0210580825806,0.117189645767,0.0780272483826,0.0214166641235,0.0449223518372,0.0374581813812,0.00244617462158,0.0126688480377,0.00860786437988,0.00978803634644,0.0740339756012,0.342199325562,1409,1403,4445,616,1409,1403,4445,616,111780,64756,64860
UL_LAT_BD,2017-03-03 16:15:15.636921,0.703129291534,0.562061786652,0.021080493927,0.117424964905,0.0781474113464,0.0214545726776,0.0449965000153,0.0375683307648,0.00245046615601,0.0127246379852,0.00861978530884,0.00981712341309,0.0741274356842,0.342246294022,1412,1406,4453,617,1412,1406,4453,617,112024,64896,64960
UL_LAT_BD,2017-03-03 16:15:15.739043,0.704155445099,0.562328100204,0.0210955142975,0.117527961731,0.0782265663147,0.0214776992798,0.0450465679169,0.037590265274,0.00245523452759,0.0127367973328,0.00862193107605,0.00981712341309,0.0742206573486,0.342274188995,1414,1408,4461,618,1414,1408,4461,618,112176,64984,65044
UL_LAT_BD,2017-03-03 16:15:15.840842,0.705111026764,0.562572002411,0.0211102962494,0.117619752884,0.0782973766327,0.0214984416962,0.0450897216797,0.0376102924347,0.00245928764343,0.0127487182617,0.00862407684326,0.00981712341309,0.0743088722229,0.342314243317,1416,1410,4468,619,1416,1410,4468,619,112328,65072,65144
UL_LAT_BD,2017-03-03 16:15:15.942978,0.705960035324,0.562882900238,0.0211284160614,0.117786884308,0.0784094333649,0.0215322971344,0.0451610088348,0.0376634597778,0.00246334075928,0.0127608776093,0.00865507125854,0.00981712341309,0.0743894577026,0.342352151871,1418,1412,4475,620,1418,1412,4475,620,112496,65168,65268
DL_LAT_BD,2017-03-03 16:15:15.061827,103,0,0,0
UL_LAT_BD,2017-03-03 16:15:16.045037,0.707164764404,0.563280344009,0.0211646556854,0.117968797684,0.0785484313965,0.0215692520142,0.0452542304993,0.0377035140991,0.00246810913086,0.0127856731415,0.00866007804871,0.00981712341309,0.0744872093201,0.342409133911,1421,1415,4484,621,1421,1415,4484,621,112740,65316,65372
UL_LAT_BD,2017-03-03 16:15:16.146922,0.708136558533,0.563576221466,0.0211803913116,0.11811876297,0.078670501709,0.0215933322906,0.0453431606293,0.0377304553986,0.00247311592102,0.012800693512,0.00866198539734,0.00981712341309,0.0745623111725,0.342455148697,1423,1417,4490,622,1423,1417,4490,622,112892,65404,65496
UL_LAT_BD,2017-03-03 16:15:16.248990,0.70897269249,0.563838243484,0.0211954116821,0.118237495422,0.078741312027,0.0216133594513,0.0453882217407,0.03777551651,0.00247621536255,0.0128095149994,0.00869226455688,0.00981712341309,0.0746495723724,0.342487096786,1425,1419,4497,623,1425,1419,4497,623,113044,65492,65596
DL_LAT_BD,2017-03-03 16:15:16.062534,103,0,0,0
UL_LAT_BD,2017-03-03 16:15:16.350836,0.709827661514,0.564173221588,0.0212652683258,0.118350744247,0.0788233280182,0.0216372013092,0.0454392433167,0.0378031730652,0.0024790763855,0.0128276348114,0.00869417190552,0.00981712341309,0.0747654438019,0.34251499176,1427,1421,4506,624,1427,1421,4506,624,113196,65580,65680
UL_LAT_BD,2017-03-03 16:15:16.452981,0.710850477219,0.564562082291,0.0213432312012,0.11852645874,0.0789592266083,0.021675825119,0.045526266098,0.0378389358521,0.0024847984314,0.0128486156464,0.00869750976562,0.00981712341309,0.0748574733734,0.342550992966,1430,1424,4514,625,1430,1424,4514,625,113440,65720,65800
UL_LAT_BD,2017-03-03 16:15:16.555118,0.711810350418,0.564944505692,0.0213623046875,0.118752479553,0.0790863037109,0.0217316150665,0.0455884933472,0.0379359722137,0.00248908996582,0.0128676891327,0.00870633125305,0.00987720489502,0.0749502182007,0.342582941055,1432,1426,4523,626,1432,1426,4523,626,113608,65816,65904
UL_LAT_BD,2017-03-03 16:15:16.656918,0.712760448456,0.565296411514,0.0213782787323,0.11891913414,0.079185962677,0.0217795372009,0.0456364154816,0.0380017757416,0.00249218940735,0.0128788948059,0.00871229171753,0.00991415977478,0.0750684738159,0.342622995377,1434,1428,4532,627,1434,1428,4532,627,113760,65904,66044
UL_LAT_BD,2017-03-03 16:15:16.759069,0.713766336441,0.56652712822,0.0214016437531,0.119959354401,0.0793681144714,0.0218307971954,0.0457570552826,0.0388588905334,0.00249743461609,0.0129020214081,0.00879812240601,0.0106444358826,0.0751578807831,0.342692136765,1437,1431,4540,628,1437,1431,4540,628,114004,66044,66148
UL_LAT_BD,2017-03-03 16:15:16.860870,0.718757152557,0.566925048828,0.021431684494,0.120155334473,0.0794641971588,0.0218670368195,0.0458118915558,0.0389578342438,0.00250124931335,0.0129117965698,0.00885343551636,0.0106673240662,0.0752701759338,0.342740058899,1439,1433,4549,629,1439,1433,4549,629,114156,66132,66248
UL_LAT_BD,2017-03-03 16:15:16.962879,0.719569444656,0.567170381546,0.0214467048645,0.120260477066,0.0795452594757,0.0218913555145,0.0458617210388,0.0389809608459,0.00250554084778,0.0129175186157,0.00886249542236,0.0106673240662,0.0753524303436,0.342773199081,1441,1435,4556,630,1441,1435,4556,630,114324,66228,66352
UL_LAT_BD,2017-03-03 16:15:17.065108,0.722651720047,0.567436695099,0.0214595794678,0.120360374451,0.0796163082123,0.0219099521637,0.0459086894989,0.0390069484711,0.00250744819641,0.0129234790802,0.0088746547699,0.0106673240662,0.0754537582397,0.342816114426,1443,1437,4563,631,1443,1437,4563,631,114476,66316,66476
UL_LAT_BD,2017-03-03 16:15:17.166917,0.723584890366,0.567733764648,0.0214817523956,0.120524168015,0.0797390937805,0.0219469070435,0.0459845066071,0.0390439033508,0.00251221656799,0.0129368305206,0.00888752937317,0.0106673240662,0.0755257606506,0.342849969864,1446,1440,4569,632,1446,1440,4569,632,114720,66464,66580
DL_LAT_BD,2017-03-03 16:15:17.062741,103,0,0,0
UL_LAT_BD,2017-03-03 16:15:17.269047,0.724347829819,0.567977905273,0.0214955806732,0.120628356934,0.0798082351685,0.0219669342041,0.0460286140442,0.0390770435333,0.00251507759094,0.012953042984,0.00889873504639,0.0106673240662,0.0756056308746,0.342889070511,1448,1442,4576,633,1448,1442,4576,633,114872,66552,66700
UL_LAT_BD,2017-03-03 16:15:17.370820,0.725078821182,0.568263530731,0.0215106010437,0.12076830864,0.0799112319946,0.021998167038,0.0460922718048,0.0391139984131,0.00251793861389,0.0129702091217,0.00890970230103,0.0106673240662,0.0756685733795,0.342947006226,1450,1444,4582,634,1450,1444,4582,634,115040,66648,66804
UL_LAT_BD,2017-03-03 16:15:17.472979,0.725935935974,0.568614244461,0.0215573310852,0.120935440063,0.0799911022186,0.0220234394073,0.0461411476135,0.0391969680786,0.00252103805542,0.0129942893982,0.00892877578735,0.0106973648071,0.0757527351379,0.342988967896,1452,1446,4590,635,1452,1446,4590,635,115192,66736,66924
UL_LAT_BD,2017-03-03 16:15:17.575174,0.726818323135,0.568896770477,0.0215804576874,0.121083498001,0.0800940990448,0.022052526474,0.0462052822113,0.0392401218414,0.00252652168274,0.0130140781403,0.00894093513489,0.0106973648071,0.0758163928986,0.343029022217,1455,1449,4597,636,1455,1449,4597,636,115420,66868,67028
UL_LAT_BD,2017-03-03 16:15:17.676923,0.728291273117,0.569197177887,0.0215983390808,0.121223688126,0.0802001953125,0.0220785140991,0.0462791919708,0.039272069931,0.00252938270569,0.0130290985107,0.00894999504089,0.0106973648071,0.0759110450745,0.343068122864,1457,1451,4606,637,1457,1451,4606,637,115588,66964,67168
UL_LAT_BD,2017-03-03 16:15:17.779046,0.731605291367,0.569503545761,0.0216133594513,0.121375799179,0.0802702903748,0.0220985412598,0.0463230609894,0.0393531322479,0.00253248214722,0.0130541324615,0.00896811485291,0.0107283592224,0.0760061740875,0.343101263046,1459,1453,4614,638,1459,1453,4614,638,115740,67052,67272
