UL_LAT_BD,2017-03-03 16:15:13.189048,0.678587913513,0.551447629929,0.0206334590912,0.11048412323,0.0727350711823,0.0207815170288,0.0435316562653,0.0361022949219,0.0023558139801,0.0122094154358,0.00823307037354,0.00951528549194,0.0720517635345,0.341314792633,1349,1346,4277,593,1349,1346,4277,593,107224,62188,62404
DL_LAT_BD,2017-03-03 16:15:13.062002,103,0,0,0
UL_LAT_BD,2017-03-03 16:15:13.290856,0.67954826355,0.551720142365,0.0206491947174,0.110622167587,0.0728359222412,0.0208034515381,0.0436034202576,0.0361366271973,0.00236177444458,0.0122222900391,0.00824165344238,0.00951528549194,0.0721235275269,0.341352701187,1351,1348,4284,594,1351,1348,4284,594,107376,62276,62508
UL_LAT_BD,2017-03-03 16:15:13.392983,0.680525064468,0.552043199539,0.0206704139709,0.110790967941,0.0729489326477,0.020836353302,0.0436728000641,0.0361886024475,0.00236558914185,0.0122475624084,0.00825667381287,0.00951528549194,0.0722143650055,0.34138584137,1354,1351,4292,595,1354,1351,4292,595,107604,62408,62608
UL_LAT_BD,2017-03-03 16:15:13.494084,0.681579589844,0.552388906479,0.0206913948059,0.110982894897,0.0730397701263,0.020866394043,0.0437278747559,0.0362868309021,0.00236940383911,0.0122756958008,0.00827264785767,0.00955438613892,0.0723032951355,0.341419696808,1358,1354,4299,596,1358,1354,4299,596,107872,62540,62712
UL_LAT_BD,2017-03-03 16:15:13.596915,0.682495832443,0.552624225616,0.0207045078278,0.111082792282,0.0731105804443,0.0208854675293,0.0437726974487,0.0363149642944,0.00237226486206,0.012286901474,0.00828266143799,0.00955438613892,0.0723855495453,0.341452598572,1360,1356,4306,597,1360,1356,4306,597,108024,62628,62812
UL_LAT_BD,2017-03-03 16:15:13.699091,0.683548688889,0.552991390228,0.0207283496857,0.111290454865,0.0732553005219,0.0209314823151,0.043860912323,0.036376953125,0.00237727165222,0.0123178958893,0.00829863548279,0.00955438613892,0.0724775791168,0.341487646103,1363,1359,4314,598,1363,1359,4314,598,108268,62768,62936
UL_LAT_BD,2017-03-03 16:15:13.800871,0.684375286102,0.553309440613,0.0207455158234,0.111473321915,0.073352098465,0.0209596157074,0.0439217090607,0.0364599227905,0.00238013267517,0.0123429298401,0.0083155632019,0.00958847999573,0.072541475296,0.341530799866,1365,1361,4319,599,1365,1361,4319,599,108436,62864,63036
UL_LAT_BD,2017-03-03 16:15:13.902962,0.685203075409,0.553574323654,0.0207605361938,0.111611366272,0.073438167572,0.0209858417511,0.0439736843109,0.0365087985992,0.00238418579102,0.0123589038849,0.00834250450134,0.00958847999573,0.0726132392883,0.341564893723,1367,1363,4326,600,1367,1363,4326,600,108588,62952,63140
UL_LAT_BD,2017-03-03 16:15:14.005026,0.686054468155,0.553826570511,0.0207734107971,0.111713171005,0.0735092163086,0.0210075378418,0.0440199375153,0.036536693573,0.00238704681396,0.0123710632324,0.00835251808167,0.00958847999573,0.072701215744,0.341602802277,1369,1365,4334,601,1369,1365,4334,601,108740,63040,63260
UL_LAT_BD,2017-03-03 16:15:14.106915,0.687311172485,0.554183959961,0.0208003520966,0.111893177032,0.0736393928528,0.021044254303,0.0441086292267,0.0365836620331,0.00239086151123,0.0123934745789,0.00836563110352,0.00958847999573,0.0727918148041,0.341652870178,1372,1368,4341,602,1372,1368,4341,602,108984,63188,63384
DL_LAT_BD,2017-03-03 16:15:14.062088,103,0,0,0
UL_LAT_BD,2017-03-03 16:15:14.209048,0.688171386719,0.554508686066,0.0208163261414,0.112071037292,0.0737354755402,0.0210676193237,0.0441753864288,0.0366654396057,0.00239491462708,0.012416601181,0.00838446617126,0.00961661338806,0.0728704929352,0.341693878174,1374,1370,4349,603,1374,1370,4349,603,109136,63276,63504
UL_LAT_BD,2017-03-03 16:15:14.310768,0.68922829628,0.554782152176,0.0208311080933,0.112185955048,0.0738205909729,0.021094083786,0.044224023819,0.0366933345795,0.00239777565002,0.0124278068542,0.00839257240295,0.00961661338806,0.0729696750641,0.341727733612,1376,1372,4357,604,1376,1372,4357,604,109288,63364,63608
UL_LAT_BD,2017-03-03 16:15:14.413028,0.691148042679,0.555087566376,0.0208549499512,0.112341880798,0.0739295482635,0.0211219787598,0.0442981719971,0.0367350578308,0.00240159034729,0.0124497413635,0.00840258598328,0.00961661338806,0.0730545520782,0.341762781143,1380,1375,4363,605,1380,1375,4363,605,109568,63496,63716
DL_LAT_BD,2017-03-03 16:15:14.412528,79,0,0,0
UL_LAT_BD,2017-03-03 16:15:14.515119,0.691909074783,0.555412530899,0.0208778381348,0.112597942352,0.0740165710449,0.0211470127106,0.0443513393402,0.0368983745575,0.00240778923035,0.0124866962433,0.00842571258545,0.00970578193665,0.0730655193329,0.34179186821,1383,1379,4364,606,1383,1379,4364,606,109828,63652,63804
UL_LAT_BD,2017-03-03 16:15:14.616925,0.693109750748,0.555715799332,0.0208988189697,0.112741231918,0.0740995407104,0.0211710929871,0.0443992614746,0.0369555950165,0.00241184234619,0.0125057697296,0.00845456123352,0.00970578193665,0.0731568336487,0.341827869415,1387,1382,4373,607,1387,1382,4373,607,110096,63792,63908
UL_LAT_BD,2017-03-03 16:15:14.719057,0.694007873535,0.55598282814,0.0209138393402,0.112853050232,0.0741755962372,0.0211939811707,0.0444464683533,0.0369884967804,0.00241470336914,0.0125198364258,0.00846457481384,0.00970578193665,0.0732505321503,0.341866970062,1389,1384,4380,608,1389,1384,4380,608,110248,63880,64012
UL_LAT_BD,2017-03-03 16:15:14.820826,0.694890975952,0.556245088577,0.0209319591522,0.112966060638,0.0742576122284,0.0212178230286,0.0445003509521,0.0370194911957,0.00241756439209,0.0125341415405,0.00847363471985,0.00970578193665,0.0733449459076,0.341895103455,1391,1386,4387,609,1391,1386,4387,609,110416,63976,64096
UL_LAT_BD,2017-03-03 16:15:14.922963,0.695818185806,0.556666135788,0.0209517478943,0.113219499588,0.074364900589,0.0212490558624,0.0445673465729,0.0371634960175,0.00242137908936,0.01256275177,0.00853562355042,0.00974488258362,0.073451757431,0.341930150986,1394,1389,4394,610,1394,1389,4394,610,110644,64108,64220
UL_LAT_BD,2017-03-03 16:15:15.025184,0.696748495102,0.556909561157,0.0209667682648,0.113317489624,0.0744338035583,0.0212690830231,0.0446093082428,0.0371913909912,0.0024242401123,0.0125737190247,0.00854563713074,0.00974488258362,0.0735230445862,0.341982364655,1396,1391,4401,611,1396,1391,4401,611,110796,64196,64320
UL_LAT_BD,2017-03-03 16:15:15.127088,0.697805166245,0.557211637497,0.0209827423096,0.113437652588,0.0745189189911,0.0212948322296,0.0446624755859,0.0372242927551,0.00242614746094,0.0125896930695,0.00855541229248,0.00974488258362,0.07364320755,0.34201836586,1398,1393,4411,612,1398,1393,4411,612,110964,64300,64408
DL_LAT_BD,2017-03-03 16:15:14.561851,88,0,0,0
UL_LAT_BD,2017-03-03 16:15:15.229040,0.69909286499,0.560804605484,0.0210108757019,0.116848468781,0.0777840614319,0.0213458538055,0.0447735786438,0.0373649597168,0.00243711471558,0.0126297473907,0.0085780620575,0.00978803634644,0.0737345218658,0.342066287994,1403,1397,4419,613,1403,1397,4419,613,111292,64476,64532
UL_LAT_BD,2017-03-03 16:15:15.330874,0.700163125992,0.56112074852,0.0210258960724,0.116959571838,0.0778632164001,0.0213687419891,0.0448224544525,0.0373950004578,0.00243902206421,0.0126428604126,0.00858688354492,0.00978803634644,0.0738716125488,0.34210729599,1405,1399,4428,614,1405,1399,4428,614,111460,64572,64636
DL_LAT_BD,2017-03-03 16:15:15.111864,18,0,0,0
