UL_LAT_BD,2017-03-03 16:17:36.034143,2.30114483833,1.11120533943,0.0683388710022,0.381667375565,0.244951725006,0.0700755119324,0.148901462555,0.131229162216,0.00848364830017,0.0459485054016,0.0277006626129,0.0332868099213,0.224505662918,0.412320137024,4526,4534,14218,2006,4526,4534,14218,2006,360472,217024,220476
DL_LAT_BD,2017-03-03 16:17:36.061932,103,0,0,0
UL_LAT_BD,2017-03-03 16:17:36.135855,2.30205726624,1.11152410507,0.068384885788,0.381824493408,0.245067596436,0.070104598999,0.148978471756,0.131266117096,0.00848770141602,0.0459682941437,0.0277106761932,0.0332868099213,0.224574565887,0.412358283997,4528,4536,14224,2007,4528,4536,14224,2007,360656,217132,220596
UL_LAT_BD,2017-03-03 16:17:36.237885,2.30288505554,1.11194062233,0.0684008598328,0.382079362869,0.245181560516,0.0701370239258,0.149053812027,0.131404161453,0.00849175453186,0.0459854602814,0.0277216434479,0.0332868099213,0.224641561508,0.412427186966,4530,4538,14228,2008,4530,4538,14228,2008,360808,217228,220696
UL_LAT_BD,2017-03-03 16:17:36.340112,2.30363702774,1.11217164993,0.068413734436,0.382189273834,0.245257377625,0.0701599121094,0.149100780487,0.131437063217,0.00849485397339,0.0460002422333,0.0277316570282,0.0332868099213,0.224698543549,0.412472248077,4532,4540,14232,2009,4532,4540,14232,2009,360960,217316,220796
UL_LAT_BD,2017-03-03 16:17:36.441911,2.30472040176,1.11266040802,0.0684378147125,0.38244342804,0.245408535004,0.0702033042908,0.149194002151,0.131536960602,0.00849962234497,0.0460314750671,0.0277507305145,0.0333178043365,0.224763154984,0.412612199783,4535,4543,14237,2010,4535,4543,14237,2010,361204,217456,220900
UL_LAT_BD,2017-03-03 16:17:36.543939,2.30572462082,1.11294722557,0.0684547424316,0.382562398911,0.245495557785,0.070228099823,0.149248123169,0.131565093994,0.00850367546082,0.0460424423218,0.0277607440948,0.0333178043365,0.224868297577,0.412648200989,4537,4545,14245,2011,4537,4545,14245,2011,361372,217552,221000
UL_LAT_BD,2017-03-03 16:17:36.645756,2.30677485466,1.11322069168,0.0684697628021,0.382687330246,0.245580673218,0.0702524185181,0.149299144745,0.131602048874,0.00850749015808,0.0460572242737,0.0277738571167,0.0333178043365,0.224947929382,0.412693023682,4539,4547,14252,2012,4539,4547,14252,2012,361524,217644,221100
UL_LAT_BD,2017-03-03 16:17:36.747886,2.30777573586,1.11357831955,0.0684895515442,0.382909297943,0.245663642883,0.0702764987946,0.149349927902,0.131739854813,0.00851154327393,0.0460712909698,0.02778673172,0.0334208011627,0.225019693375,0.412729024887,4541,4549,14259,2013,4541,4549,14259,2013,361676,217732,221196
UL_LAT_BD,2017-03-03 16:17:36.850102,2.30872321129,1.11394286156,0.0685126781464,0.383139133453,0.245831727982,0.070317029953,0.149467229843,0.131796836853,0.00851631164551,0.0460946559906,0.0278105735779,0.0334208011627,0.225072383881,0.412779092789,4544,4552,14264,2014,4544,4552,14264,2014,361920,217872,221296
UL_LAT_BD,2017-03-03 16:17:36.951888,2.3095138073,1.11421084404,0.0685636997223,0.38324713707,0.245909690857,0.0703368186951,0.149515390396,0.131824970245,0.00851821899414,0.0461084842682,0.0278165340424,0.0334208011627,0.225138425827,0.412815093994,4546,4554,14270,2015,4546,4554,14270,2015,362072,217960,221396
UL_LAT_BD,2017-03-03 16:17:37.053947,2.31043744087,1.11451435089,0.06858086586,0.383395195007,0.24601650238,0.0703790187836,0.149572134018,0.131863117218,0.00852108001709,0.0461256504059,0.0278272628784,0.0334208011627,0.225223779678,0.412857294083,4548,4556,14277,2016,4548,4556,14277,2016,362240,218056,221500
UL_LAT_BD,2017-03-03 16:17:37.155920,2.31123566628,1.11486816406,0.0686559677124,0.383544445038,0.246093511581,0.0704019069672,0.149619102478,0.131932258606,0.0085244178772,0.0461444854736,0.0278420448303,0.0334479808807,0.2253074646,0.412895202637,4550,4558,14283,2017,4550,4558,14283,2017,362392,218152,221624
UL_LAT_BD,2017-03-03 16:17:37.257882,2.31255269051,1.11523199081,0.0686814785004,0.383732318878,0.246228456497,0.0704414844513,0.149702310562,0.131981372833,0.00852942466736,0.0461633205414,0.027859210968,0.0334479808807,0.225413799286,0.412929058075,4553,4561,14292,2018,4553,4561,14292,2018,362636,218292,221728
DL_LAT_BD,2017-03-03 16:17:37.061904,103,0,0,0
UL_LAT_BD,2017-03-03 16:17:37.360003,2.31343150139,1.11550354958,0.0686972141266,0.383856296539,0.246315717697,0.0704689025879,0.149757146835,0.132015228271,0.00853228569031,0.0461795330048,0.0278692245483,0.0334479808807,0.225499868393,0.412966966629,4555,4563,14300,2019,4555,4563,14300,2019,362804,218388,221828
UL_LAT_BD,2017-03-03 16:17:37.461859,2.31441283226,1.11588335037,0.0687191486359,0.384078264236,0.246439695358,0.0705280303955,0.149813890457,0.132110357285,0.00853633880615,0.0462107658386,0.0278882980347,0.0334827899933,0.225590229034,0.413002967834,4557,4565,14307,2020,4557,4565,14307,2020,362956,218476,221932
UL_LAT_BD,2017-03-03 16:17:37.563940,2.31552243233,1.11621499062,0.0687432289124,0.384248495102,0.246561765671,0.0705699920654,0.149885892868,0.132153272629,0.008540391922,0.0462319850922,0.0278992652893,0.0334827899933,0.225670337677,0.41305398941,4560,4568,14311,2021,4560,4568,14311,2021,363200,218624,222048
UL_LAT_BD,2017-03-03 16:17:37.665849,2.31640028954,1.11645698547,0.0687594413757,0.384376525879,0.246654510498,0.0705981254578,0.149945735931,0.132187604904,0.00854253768921,0.0462467670441,0.0279092788696,0.0334827899933,0.225722312927,0.413091897964,4562,4570,14315,2022,4562,4570,14315,2022,363368,218724,222148
UL_LAT_BD,2017-03-03 16:17:37.767977,2.31724214554,1.11667656898,0.068772315979,0.384475469589,0.246716499329,0.0706198215485,0.149982690811,0.13222360611,0.00854444503784,0.0462636947632,0.02791929245,0.0334827899933,0.225781202316,0.413136005402,4564,4572,14319,2023,4564,4572,14319,2023,363504,218804,222248
UL_LAT_BD,2017-03-03 16:17:37.870100,2.31811118126,1.11701107025,0.068790435791,0.384705543518,0.246806621552,0.0706458091736,0.150037765503,0.132361650467,0.00854635238647,0.0462837219238,0.0279331207275,0.0335788726807,0.225823163986,0.4131731987,4566,4574,14322,2024,4566,4574,14322,2024,363672,218904,222332
UL_LAT_BD,2017-03-03 16:17:37.971962,2.31928539276,1.11734104156,0.068817615509,0.384902477264,0.246946811676,0.0706906318665,0.150121927261,0.132410526276,0.00855135917664,0.0463018417358,0.0279512405396,0.0335788726807,0.225885391235,0.413211107254,4569,4577,14327,2025,4569,4577,14327,2025,363916,219048,222448
