UL_LAT_BD,2017-03-03 16:16:49.476946,1.7730782032,0.925078630447,0.0510776042938,0.291730165482,0.18611574173,0.052214384079,0.112246751785,0.101425647736,0.00653553009033,0.0359702110291,0.0213634967804,0.0276787281036,0.174800634384,0.387971639633,3496,3490,11274,1537,3496,3490,11274,1537,278212,161276,161392
UL_LAT_BD,2017-03-03 16:16:49.579054,1.77410149574,0.925489902496,0.05109333992,0.291917085648,0.186190605164,0.0522375106812,0.112292528152,0.101536750793,0.00653862953186,0.0360240936279,0.0213816165924,0.027706861496,0.174952745438,0.388016700745,3498,3492,11282,1538,3498,3492,11282,1538,278364,161364,161496
UL_LAT_BD,2017-03-03 16:16:49.680831,1.77507185936,0.925839185715,0.0511093139648,0.292132854462,0.186367511749,0.0522677898407,0.112432479858,0.101572751999,0.00654339790344,0.0360422134399,0.0213916301727,0.027706861496,0.175028800964,0.38804769516,3500,3494,11288,1539,3500,3494,11288,1539,278516,161452,161580
UL_LAT_BD,2017-03-03 16:16:49.783012,1.77613043785,0.926159858704,0.0511322021484,0.292294740677,0.186481237411,0.0523025989532,0.112502574921,0.101619005203,0.00654864311218,0.0360651016235,0.021404504776,0.027706861496,0.175101518631,0.38809967041,3503,3497,11294,1540,3503,3497,11294,1540,278744,161584,161704
UL_LAT_BD,2017-03-03 16:16:49.885087,1.77712106705,0.926497936249,0.0512101650238,0.292418718338,0.186569213867,0.0523283481598,0.112555742264,0.10165309906,0.00655174255371,0.0360798835754,0.0214157104492,0.027706861496,0.175196647644,0.388133525848,3505,3499,11302,1541,3505,3499,11302,1541,278912,161680,161804
UL_LAT_BD,2017-03-03 16:16:49.987025,1.77798128128,0.9269053936,0.0512254238129,0.292693853378,0.186691522598,0.0523815155029,0.112617731094,0.101804018021,0.00655651092529,0.0361068248749,0.021431684494,0.0278029441833,0.175270557404,0.38816857338,3507,3501,11308,1542,3507,3501,11308,1542,279064,161768,161908
UL_LAT_BD,2017-03-03 16:16:50.089059,1.77934789658,0.927422046661,0.0512533187866,0.293013811111,0.186842441559,0.0524260997772,0.11271071434,0.101968050003,0.00656247138977,0.0362327098846,0.0214567184448,0.0278029441833,0.175377607346,0.388221740723,3510,3504,11316,1543,3510,3504,11316,1543,279308,161916,162028
DL_LAT_BD,2017-03-03 16:16:50.061897,103,0,0,0
UL_LAT_BD,2017-03-03 16:16:50.190835,1.78022289276,0.927685260773,0.05126953125,0.293147802353,0.186942577362,0.052451133728,0.11277961731,0.101999998093,0.00656533241272,0.0362470149994,0.0214667320251,0.0278029441833,0.175452709198,0.388252735138,3512,3506,11322,1544,3512,3506,11322,1544,279460,162004,162112
UL_LAT_BD,2017-03-03 16:16:50.292961,1.78128457069,0.928082466125,0.0512847900391,0.293394804001,0.187030553818,0.0524764060974,0.112833499908,0.102158069611,0.00656723976135,0.0362751483917,0.0214788913727,0.027909040451,0.175537824631,0.388295650482,3514,3508,11329,1545,3514,3508,11329,1545,279612,162092,162232
UL_LAT_BD,2017-03-03 16:16:50.395026,1.78219246864,0.928362846375,0.0513017177582,0.293517589569,0.187116384506,0.0525028705597,0.112890005112,0.102194070816,0.00657033920288,0.0362923145294,0.021488904953,0.027909040451,0.175628423691,0.388336658478,3516,3510,11337,1546,3516,3510,11337,1546,279780,162188,162352
UL_LAT_BD,2017-03-03 16:16:50.496916,1.78331661224,0.928786039352,0.0513269901276,0.293721675873,0.187267303467,0.052553653717,0.112981319427,0.102242946625,0.00657653808594,0.0363121032715,0.0215060710907,0.027909040451,0.175720214844,0.388423681259,3519,3513,11345,1547,3519,3513,11345,1547,280024,162340,162452
UL_LAT_BD,2017-03-03 16:16:50.599170,1.78554224968,0.929075717926,0.0513548851013,0.293836593628,0.187344312668,0.0525765419006,0.113027334213,0.102277994156,0.00658059120178,0.0363290309906,0.0215172767639,0.027909040451,0.175819158554,0.388461589813,3521,3515,11353,1548,3521,3515,11353,1548,280176,162428,162556
UL_LAT_BD,2017-03-03 16:16:50.700833,1.78666782379,0.92967414856,0.0513710975647,0.294021606445,0.187439203262,0.0526061058044,0.113087415695,0.102364063263,0.00658488273621,0.0363540649414,0.0215313434601,0.0279479026794,0.175929069519,0.388494729996,3523,3517,11362,1549,3523,3517,11362,1549,280344,162524,162656
UL_LAT_BD,2017-03-03 16:16:50.802963,1.78819155693,0.929946899414,0.0513851642609,0.294129371643,0.187517166138,0.0526301860809,0.113135576248,0.102392911911,0.00658798217773,0.036365032196,0.0215423107147,0.0279479026794,0.176035404205,0.388527870178,3525,3519,11370,1550,3525,3519,11370,1550,280496,162612,162760
UL_LAT_BD,2017-03-03 16:16:50.905024,1.78981661797,0.930285930634,0.051408290863,0.294305562973,0.187637090683,0.052670955658,0.11320233345,0.102446079254,0.00659203529358,0.0363910198212,0.0215582847595,0.0279479026794,0.176125764847,0.388563871384,3528,3522,11378,1551,3528,3522,11378,1551,280724,162744,162860
UL_LAT_BD,2017-03-03 16:16:51.006915,1.793384552,0.930752038956,0.0514404773712,0.294514656067,0.187724113464,0.0526974201202,0.113256216049,0.102565765381,0.00659489631653,0.0364143848419,0.0215730667114,0.0279788970947,0.176309108734,0.388597726822,3530,3524,11384,1552,3530,3524,11384,1552,280892,162840,162964
DL_LAT_BD,2017-03-03 16:16:51.062744,103,0,0,0
UL_LAT_BD,2017-03-03 16:16:51.109050,1.79415011406,0.930975198746,0.0514545440674,0.294625520706,0.187798976898,0.0527184009552,0.113302230835,0.102599859238,0.00659775733948,0.0364315509796,0.0215828418732,0.0279788970947,0.176372528076,0.388627767563,3532,3526,11389,1553,3532,3526,11389,1553,281044,162936,163048
UL_LAT_BD,2017-03-03 16:16:51.210855,1.79495859146,0.931248188019,0.0514695644379,0.294773340225,0.187915802002,0.0527410507202,0.113391399384,0.10262799263,0.00660109519958,0.0364422798157,0.0215919017792,0.0279788970947,0.176441431046,0.388660907745,3534,3528,11396,1554,3534,3528,11396,1554,281196,163024,163152
UL_LAT_BD,2017-03-03 16:16:51.313008,1.7960793972,0.931659698486,0.0514924526215,0.295001268387,0.188070774078,0.0527889728546,0.113484621048,0.102696895599,0.00660824775696,0.0364758968353,0.0216085910797,0.0279788970947,0.176552772522,0.388699769974,3537,3531,11403,1555,3537,3531,11403,1555,281440,163164,163272
