UL_LAT_BD,2017-03-03 16:17:18.694074,2.11389303207,1.04762744904,0.0609979629517,0.351051568985,0.225112438202,0.0643382072449,0.136192083359,0.120919942856,0.00776624679565,0.0419907569885,0.0252292156219,0.0311696529388,0.207377433777,0.405492544174,4140,4148,13153,1836,4140,4148,13153,1836,329660,198668,202436
UL_LAT_BD,2017-03-03 16:17:18.795754,2.11492919922,1.04799294472,0.0610160827637,0.351228713989,0.225231647491,0.0643711090088,0.136270523071,0.120975971222,0.00776815414429,0.0419988632202,0.0252692699432,0.0311696529388,0.20750784874,0.405525684357,4142,4150,13161,1837,4142,4150,13161,1837,329812,198760,202540
UL_LAT_BD,2017-03-03 16:17:18.897877,2.11633729935,1.04838490486,0.0610461235046,0.351443529129,0.225400447845,0.064425945282,0.136370897293,0.121019124985,0.00777339935303,0.0420234203339,0.0252711772919,0.0311696529388,0.207609891891,0.405560731888,4145,4153,13169,1838,4145,4153,13169,1838,330072,198908,202640
UL_LAT_BD,2017-03-03 16:17:19.000103,2.11830472946,1.04875779152,0.0610599517822,0.351654529572,0.225500583649,0.0644547939301,0.136433124542,0.121128082275,0.00777840614319,0.0421214103699,0.0252742767334,0.0311696529388,0.207714080811,0.405593633652,4147,4155,13178,1839,4147,4155,13178,1839,330224,198996,202744
UL_LAT_BD,2017-03-03 16:17:19.101901,2.11921191216,1.04908776283,0.0610761642456,0.351761579514,0.225584506989,0.0644776821136,0.136485099792,0.121150255203,0.00778245925903,0.0421352386475,0.0252764225006,0.0311696529388,0.207776069641,0.405659675598,4149,4157,13183,1840,4149,4157,13183,1840,330392,199100,202848
UL_LAT_BD,2017-03-03 16:17:19.204034,2.12056684494,1.04946804047,0.0611040592194,0.351949691772,0.225699663162,0.0645134449005,0.136557340622,0.121218204498,0.00778651237488,0.0421540737152,0.0253143310547,0.0311696529388,0.207879304886,0.405710697174,4152,4160,13190,1841,4152,4160,13190,1841,330620,199232,202952
DL_LAT_BD,2017-03-03 16:17:19.061927,103,0,0,0
UL_LAT_BD,2017-03-03 16:17:19.305761,2.12211608887,1.04970765114,0.0611250400543,0.352061748505,0.225789785385,0.0645413398743,0.136611938477,0.121238231659,0.00779032707214,0.0421643257141,0.0253162384033,0.0311696529388,0.207944154739,0.405744552612,4154,4162,13196,1842,4154,4162,13196,1842,330772,199320,203048
UL_LAT_BD,2017-03-03 16:17:19.407889,2.12324023247,1.04996037483,0.0611469745636,0.352162599564,0.225869894028,0.0645694732666,0.136657953262,0.121257066727,0.00779342651367,0.0421733856201,0.025318145752,0.0311696529388,0.208029747009,0.405780553818,4156,4164,13204,1843,4156,4164,13204,1843,330956,199420,203148
UL_LAT_BD,2017-03-03 16:17:19.510109,2.12410163879,1.05029845238,0.0611610412598,0.352342605591,0.225979804993,0.0646076202393,0.136721134186,0.121326208115,0.00779628753662,0.0421860218048,0.0253281593323,0.0312056541443,0.208115816116,0.405826568604,4158,4166,13212,1844,4158,4166,13212,1844,331108,199520,203248
UL_LAT_BD,2017-03-03 16:17:19.611861,2.12510609627,1.05080366135,0.061182975769,0.352670669556,0.226096868515,0.0646419525146,0.136794090271,0.121534109116,0.00780010223389,0.0422019958496,0.0253491401672,0.0313613414764,0.208198785782,0.405891418457,4161,4169,13218,1845,4161,4169,13218,1845,331336,199656,203368
UL_LAT_BD,2017-03-03 16:17:19.713939,2.12589764595,1.05109262466,0.0611979961395,0.352830886841,0.22619509697,0.0646660327911,0.136845111847,0.121593236923,0.00780391693115,0.0422139167786,0.0253889560699,0.0313613414764,0.208270072937,0.405927419662,4163,4171,13224,1846,4163,4171,13224,1846,331488,199744,203468
UL_LAT_BD,2017-03-03 16:17:19.815868,2.12694311142,1.05136823654,0.0612149238586,0.352950811386,0.226284265518,0.0646929740906,0.136898756027,0.121623039246,0.00780773162842,0.0422201156616,0.0254030227661,0.0313613414764,0.208359956741,0.405967473984,4165,4173,13231,1847,4165,4173,13231,1847,331656,199840,203592
UL_LAT_BD,2017-03-03 16:17:19.917920,2.1279323101,1.05163955688,0.0612361431122,0.353063821793,0.226370573044,0.0647192001343,0.136952877045,0.121646881104,0.00781059265137,0.042227268219,0.0254130363464,0.0313613414764,0.208436965942,0.406017303467,4167,4175,13238,1848,4167,4175,13238,1848,331824,199936,203692
UL_LAT_BD,2017-03-03 16:17:20.020130,2.12915301323,1.05197143555,0.0612616539001,0.353235960007,0.226502656937,0.0647542476654,0.1370408535,0.121684789658,0.00781559944153,0.0422370433807,0.0254278182983,0.0313613414764,0.208530902863,0.406049251556,4170,4178,13246,1849,4170,4178,13246,1849,332052,200068,203776
UL_LAT_BD,2017-03-03 16:17:20.121904,2.13002371788,1.05224347115,0.0612778663635,0.353374242783,0.22660279274,0.0647814273834,0.137106895447,0.121720790863,0.00781750679016,0.0422549247742,0.025438785553,0.0313613414764,0.208600759506,0.406089067459,4172,4180,13252,1850,4172,4180,13252,1850,332220,200172,203900
DL_LAT_BD,2017-03-03 16:17:20.061968,103,0,0,0
UL_LAT_BD,2017-03-03 16:17:20.224064,2.13083171844,1.05257153511,0.061292886734,0.35359120369,0.226669549942,0.0648012161255,0.137146711349,0.121869087219,0.00782036781311,0.0422790050507,0.025449514389,0.0314643383026,0.208655834198,0.406123161316,4174,4182,13256,1851,4174,4182,13256,1851,332356,200252,204000
UL_LAT_BD,2017-03-03 16:17:20.325864,2.13197493553,1.0529062748,0.061311006546,0.353758096695,0.226802587509,0.0648465156555,0.137226581573,0.121900081635,0.00782465934753,0.0422899723053,0.0254604816437,0.0314643383026,0.208734750748,0.406188011169,4176,4184,13262,1852,4176,4184,13262,1852,332540,200384,204148
UL_LAT_BD,2017-03-03 16:17:20.427886,2.13322687149,1.05329036713,0.0613350868225,0.353984594345,0.226964473724,0.0648891925812,0.137337684631,0.121961832047,0.00783061981201,0.0423200130463,0.0254783630371,0.0314643383026,0.208817243576,0.406228065491,4179,4187,13269,1853,4179,4187,13269,1853,332768,200516,204232
UL_LAT_BD,2017-03-03 16:17:20.530100,2.13405060768,1.05361938477,0.0613512992859,0.354141712189,0.227051496506,0.0649201869965,0.137387514114,0.122029781342,0.00783348083496,0.0423390865326,0.0254952907562,0.0314881801605,0.208922147751,0.406270980835,4181,4189,13274,1854,4181,4189,13274,1854,332920,200604,204348
