UL_LAT_BD,2017-03-03 16:18:08.470101,2.65681385994,1.23170232773,0.0801639556885,0.441121578217,0.279574394226,0.0808610916138,0.17004942894,0.155243396759,0.0102200508118,0.0523521900177,0.032613992691,0.0410966873169,0.251703739166,0.428777456284,5246,5254,16194,2324,5246,5254,16194,2324,417768,251600,255212
UL_LAT_BD,2017-03-03 16:18:08.571843,2.6580414772,1.23212361336,0.0801937580109,0.441373586655,0.279769182205,0.0809271335602,0.170160531998,0.155295372009,0.0102281570435,0.0523662567139,0.032634973526,0.0410966873169,0.251775741577,0.428835391998,5249,5257,16199,2325,5249,5257,16199,2325,418028,251764,255328
UL_LAT_BD,2017-03-03 16:18:08.673360,2.65895342827,1.23249292374,0.0802118778229,0.441582679749,0.279934167862,0.0809857845306,0.170253276825,0.155337333679,0.010231256485,0.0523860454559,0.0326480865479,0.0410966873169,0.251830101013,0.428914308548,5251,5259,16203,2326,5251,5259,16203,2326,418180,251904,255508
UL_LAT_BD,2017-03-03 16:18:08.775866,2.6600124836,1.23298549652,0.0802910327911,0.441843748093,0.28004026413,0.0810177326202,0.17031621933,0.155489444733,0.0102341175079,0.0524210929871,0.032665014267,0.0411236286163,0.251910448074,0.428976297379,5253,5261,16209,2327,5253,5261,16209,2327,418332,252004,255664
UL_LAT_BD,2017-03-03 16:18:08.877880,2.66086983681,1.23337626457,0.0803730487823,0.442031860352,0.280179262161,0.0810644626617,0.170397281647,0.155534505844,0.0102400779724,0.0524430274963,0.0326769351959,0.0411236286163,0.251982927322,0.429017305374,5255,5263,16214,2328,5255,5263,16214,2328,418500,252112,255800
UL_LAT_BD,2017-03-03 16:18:08.980109,2.66208600998,1.23373913765,0.0803987979889,0.442257881165,0.280363321304,0.0811295509338,0.170501232147,0.155573368073,0.010244846344,0.0524570941925,0.0326910018921,0.0411236286163,0.252024888992,0.429080486298,5258,5266,16217,2329,5258,5266,16217,2329,418744,252312,255996
DL_LAT_BD,2017-03-03 16:18:09.061854,103,0,0,0
UL_LAT_BD,2017-03-03 16:18:09.081820,2.66306400299,1.23414993286,0.0804617404938,0.442442893982,0.280518293381,0.0811986923218,0.170573234558,0.155601501465,0.0102479457855,0.0524649620056,0.0327010154724,0.0411236286163,0.252084970474,0.429176568985,5260,5268,16222,2330,5260,5268,16222,2330,418912,252512,256316
UL_LAT_BD,2017-03-03 16:18:09.184053,2.66397023201,1.23458909988,0.0804777145386,0.442716598511,0.280722141266,0.0812809467316,0.170678138733,0.155670404434,0.0102519989014,0.0524840354919,0.0327179431915,0.0411496162415,0.252141237259,0.429261684418,5262,5270,16227,2331,5262,5270,16227,2331,419064,252696,256576
UL_LAT_BD,2017-03-03 16:18:09.285866,2.66491699219,1.23487687111,0.0804946422577,0.44282579422,0.280806064606,0.0813117027283,0.170725107193,0.155693531036,0.0102550983429,0.0524909496307,0.0327270030975,0.0411496162415,0.252215147018,0.42934179306,5264,5272,16233,2332,5264,5272,16233,2332,419232,252804,256712
UL_LAT_BD,2017-03-03 16:18:09.387877,2.66633033752,1.23539614677,0.0805194377899,0.443093061447,0.281011343002,0.0813755989075,0.170853614807,0.155750274658,0.0102598667145,0.0525171756744,0.032744884491,0.0411496162415,0.252319335938,0.429391860962,5267,5275,16240,2333,5267,5275,16240,2333,419460,252968,256844
UL_LAT_BD,2017-03-03 16:18:09.490121,2.66740393639,1.23608517647,0.0809333324432,0.443243265152,0.281123399734,0.0814130306244,0.170915842056,0.155787467957,0.010262966156,0.0525300502777,0.0327608585358,0.0411496162415,0.25238609314,0.429438829422,5269,5277,16245,2334,5269,5277,16245,2334,419628,253092,257000
UL_LAT_BD,2017-03-03 16:18:09.591857,2.66842007637,1.23647165298,0.0809481143951,0.443450212479,0.28129529953,0.0814890861511,0.170997858047,0.155819654465,0.0102670192719,0.0525438785553,0.0327701568604,0.0411496162415,0.252465009689,0.429518699646,5271,5279,16250,2335,5271,5279,16250,2335,419780,253236,257196
UL_LAT_BD,2017-03-03 16:18:09.693941,2.66997694969,1.23688483238,0.0810389518738,0.443642139435,0.281416416168,0.0815343856812,0.17106294632,0.15588760376,0.0102701187134,0.0525908470154,0.032778263092,0.0411496162415,0.25254201889,0.429561853409,5274,5282,16256,2336,5274,5282,16256,2336,420008,253388,257328
UL_LAT_BD,2017-03-03 16:18:09.795853,2.67698073387,1.2372713089,0.0811407566071,0.443785190582,0.281539440155,0.0815768241882,0.171126842499,0.155905723572,0.0102734565735,0.0525999069214,0.0327801704407,0.0411496162415,0.25261759758,0.429618835449,5276,5284,16261,2337,5276,5284,16261,2337,420176,253524,257508
UL_LAT_BD,2017-03-03 16:18:09.897928,2.6777613163,1.23749446869,0.0811557769775,0.44388628006,0.281618595123,0.081601858139,0.171177864075,0.155927658081,0.010276556015,0.0526118278503,0.0327820777893,0.0411496162415,0.252683401108,0.429651975632,5278,5286,16267,2338,5278,5286,16267,2338,420328,253612,257612
UL_LAT_BD,2017-03-03 16:18:10.000008,2.67860412598,1.23788738251,0.0812938213348,0.443998098373,0.281705379486,0.0816278457642,0.171231985092,0.155950784683,0.0102796554565,0.0526258945465,0.0327842235565,0.0411496162415,0.252756357193,0.429713964462,5280,5288,16273,2339,5280,5288,16273,2339,420496,253708,257712
UL_LAT_BD,2017-03-03 16:18:10.101865,2.68031978607,1.2384288311,0.0814697742462,0.444215774536,0.281860113144,0.0816760063171,0.171323060989,0.156009912491,0.0102837085724,0.0526375770569,0.0328192710876,0.0411496162415,0.25284743309,0.429762125015,5283,5291,16281,2340,5283,5291,16281,2340,420724,253872,257868
UL_LAT_BD,2017-03-03 16:18:10.204079,2.68132090569,1.23873543739,0.0814859867096,0.444346904755,0.281965970993,0.0817089080811,0.171389818192,0.156030893326,0.0102877616882,0.0526494979858,0.0328211784363,0.0411496162415,0.252931833267,0.429827928543,5285,5293,16288,2341,5285,5293,16288,2341,420892,253980,258040
