UL_LAT_BD,2017-03-03 16:17:06.507046,1.97223925591,0.998163223267,0.0554299354553,0.327215433121,0.208364486694,0.0600941181183,0.124747753143,0.114162683487,0.00722479820251,0.0395765304565,0.0236985683441,0.0296013355255,0.193984985352,0.400140762329,3868,3873,12432,1715,3868,3873,12432,1715,307728,184624,188284
UL_LAT_BD,2017-03-03 16:17:06.550912,1.97283244133,0.998478412628,0.055438041687,0.327394485474,0.208505630493,0.0602011680603,0.124764204025,0.114198684692,0.00722670555115,0.0396075248718,0.0236985683441,0.0296013355255,0.193994998932,0.400257825851,3869,3874,12433,1716,3869,3874,12433,1716,307804,184888,188680
UL_LAT_BD,2017-03-03 16:17:06.609133,1.97382950783,0.999160528183,0.0554521083832,0.327894687653,0.208965539932,0.0603730678558,0.125019550323,0.114236831665,0.00723171234131,0.0396203994751,0.0237147808075,0.0296013355255,0.194004774094,0.400409936905,3871,3876,12434,1717,3871,3876,12434,1717,307956,185296,189076
UL_LAT_BD,2017-03-03 16:17:06.678974,1.97440648079,0.999576807022,0.0554621219635,0.328179836273,0.209238529205,0.0604598522186,0.125187158585,0.114248037338,0.00723385810852,0.039623260498,0.0237185955048,0.0296013355255,0.194004774094,0.400530099869,3872,3877,12434,1718,3872,3877,12434,1718,308032,185520,189480
UL_LAT_BD,2017-03-03 16:17:06.760169,1.97622466087,1.00010848045,0.055477142334,0.328435659409,0.209381341934,0.0605607032776,0.125196695328,0.114355802536,0.00728750228882,0.0396423339844,0.0237474441528,0.0296013355255,0.19402384758,0.400765180588,3875,3880,12436,1719,3875,3880,12436,1719,308224,185844,189888
UL_LAT_BD,2017-03-03 16:17:06.861944,1.9769923687,1.00041484833,0.0554790496826,0.328633785248,0.209513664246,0.0606544017792,0.125208854675,0.114416837692,0.00729441642761,0.0396704673767,0.0237643718719,0.0296013355255,0.194037914276,0.400853157043,3876,3884,12437,1720,3876,3884,12437,1720,308280,186172,190196
UL_LAT_BD,2017-03-03 16:17:06.964125,1.97965836525,1.00090670586,0.0555522441864,0.32891368866,0.209721565247,0.0607051849365,0.125346899033,0.114484548569,0.00730514526367,0.0396995544434,0.0237843990326,0.0296013355255,0.194121360779,0.400896072388,3881,3889,12443,1721,3881,3889,12443,1721,309016,186440,190336
DL_LAT_BD,2017-03-03 16:17:06.811814,80,0,0,0
UL_LAT_BD,2017-03-03 16:17:07.065781,1.98404502869,1.00119304657,0.0555741786957,0.329030752182,0.209811687469,0.0607302188873,0.125403881073,0.114508628845,0.0073082447052,0.0397095680237,0.0237925052643,0.0296013355255,0.194213628769,0.400944232941,3883,3891,12450,1722,3883,3891,12450,1722,309184,186544,190440
UL_LAT_BD,2017-03-03 16:17:07.167907,1.9850256443,1.00144910812,0.0555882453918,0.329142570496,0.209898471832,0.0607581138611,0.125459909439,0.114530563354,0.00731229782104,0.0397167205811,0.0238003730774,0.0296013355255,0.194297790527,0.400982141495,3885,3893,12458,1723,3885,3893,12458,1723,309336,186640,190564
UL_LAT_BD,2017-03-03 16:17:07.270075,1.98598074913,1.00194191933,0.0556013584137,0.329448461533,0.209972143173,0.0607807636261,0.125505924225,0.114758491516,0.00731635093689,0.0397996902466,0.0238153934479,0.0297224521637,0.194419622421,0.401024103165,3887,3895,12466,1724,3887,3895,12466,1724,309488,186728,190664
UL_LAT_BD,2017-03-03 16:17:07.371860,1.98754191399,1.00238895416,0.0556333065033,0.329657554626,0.210130929947,0.0608198642731,0.125610113144,0.114804267883,0.00732207298279,0.0398218631744,0.0238282680511,0.0297224521637,0.194534301758,0.401063919067,3890,3898,12475,1725,3890,3898,12475,1725,309748,186876,190788
UL_LAT_BD,2017-03-03 16:17:07.473963,1.98839974403,1.00263357162,0.0556533336639,0.329781770706,0.210220098495,0.0608501434326,0.125662088394,0.114835262299,0.00732493400574,0.0398371219635,0.0238380432129,0.0297224521637,0.19458770752,0.401105880737,3892,3900,12480,1726,3892,3900,12480,1726,309900,186976,190904
UL_LAT_BD,2017-03-03 16:17:07.575858,1.9894824028,1.00301218033,0.0556721687317,0.330010890961,0.210298061371,0.0608792304993,0.12570309639,0.114982128143,0.00732779502869,0.0398652553558,0.0238561630249,0.029812335968,0.194670677185,0.401144742966,3894,3902,12487,1727,3894,3902,12487,1727,310068,187076,191024
UL_LAT_BD,2017-03-03 16:17:07.677915,1.99081349373,1.00334572792,0.0556883811951,0.330142974854,0.210397005081,0.060907125473,0.12577009201,0.115011930466,0.00732970237732,0.0398824214935,0.0238621234894,0.029812335968,0.19481086731,0.401178836823,3896,3904,12496,1728,3896,3904,12496,1728,310220,187172,191124
UL_LAT_BD,2017-03-03 16:17:07.780004,1.99198079109,1.00364851952,0.0557091236115,0.330303907394,0.210508823395,0.0609426498413,0.125838041306,0.115056991577,0.00733304023743,0.0399014949799,0.0238771438599,0.029812335968,0.194893836975,0.401209831238,3899,3907,12502,1729,3899,3907,12502,1729,310448,187304,191208
UL_LAT_BD,2017-03-03 16:17:07.881922,1.99317002296,1.00395703316,0.0557270050049,0.330429792404,0.210598707199,0.0609707832336,0.125893831253,0.115091085434,0.00733709335327,0.0399177074432,0.0238862037659,0.029812335968,0.194989919662,0.40126991272,3901,3909,12509,1730,3901,3909,12509,1730,310616,187400,191328
UL_LAT_BD,2017-03-03 16:17:07.984042,1.9939956665,1.00427770615,0.0557422637939,0.330618143082,0.210673809052,0.0609931945801,0.125939846039,0.115200996399,0.0073401927948,0.0399644374847,0.0239000320435,0.0298502445221,0.19506072998,0.401308059692,3903,3911,12515,1731,3903,3911,12515,1731,310768,187488,191448
UL_LAT_BD,2017-03-03 16:17:08.085753,1.9949836731,1.00456881523,0.0557591915131,0.330734014511,0.210760831833,0.0610182285309,0.125993251801,0.11522603035,0.00734305381775,0.0399754047394,0.0239071846008,0.0298502445221,0.19517493248,0.401344060898,3905,3913,12522,1732,3905,3913,12522,1732,310936,187584,191548
DL_LAT_BD,2017-03-03 16:17:07.061864,103,8,0,0
DL_LAT_BD,2017-03-03 16:17:08.111823,103,0,0,0
UL_LAT_BD,2017-03-03 16:17:08.187906,1.99592471123,1.00488448143,0.0557780265808,0.330914974213,0.210877656937,0.0610523223877,0.12606716156,0.11528801918,0.00734686851501,0.0400035381317,0.0239272117615,0.0298502445221,0.195250988007,0.401379108429,3908,3916,12529,1733,3908,3916,12529,1733,311164,187724,191652
UL_LAT_BD,2017-03-03 16:17:08.290106,1.99672007561,1.00522232056,0.0557930469513,0.331055879593,0.210951566696,0.0610740184784,0.126114368439,0.115352153778,0.00734901428223,0.0400505065918,0.0239372253418,0.0298502445221,0.195391178131,0.40140914917,3910,3918,12535,1734,3910,3918,12535,1734,311316,187812,191732
UL_LAT_BD,2017-03-03 16:17:08.391915,1.99746227264,1.00548624992,0.055810213089,0.331157684326,0.211035251617,0.0611019134521,0.126162290573,0.11537027359,0.00735211372375,0.0400583744049,0.0239384174347,0.0298502445221,0.195465326309,0.401448249817,3912,3920,12540,1735,3912,3920,12540,1735,311500,187912,191852
UL_LAT_BD,2017-03-03 16:17:08.493956,1.99851179123,1.00581002235,0.0558331012726,0.331344604492,0.211184978485,0.0611457824707,0.12625837326,0.11540222168,0.00735831260681,0.0400733947754,0.0239412784576,0.0298502445221,0.195543527603,0.401479244232,3915,3923,12544,1736,3915,3923,12544,1736,311712,188048,191932
UL_LAT_BD,2017-03-03 16:17:08.595754,1.99953794479,1.00877308846,0.0558502674103,0.33149266243,0.211271762848,0.0611715316772,0.126312017441,0.115458250046,0.00736141204834,0.0400893688202,0.0239753723145,0.0298502445221,0.19828081131,0.401527166367,3917,3925,12551,1737,3917,3925,12551,1737,311880,188144,192036
