UL_LAT_BD,2017-03-03 16:17:12.675877,2.04564476013,1.02203392982,0.0569627285004,0.337701559067,0.215185403824,0.0623455047607,0.128740787506,0.117657661438,0.00750946998596,0.0408067703247,0.0244793891907,0.0304217338562,0.202068567276,0.403145551682,4007,4015,12799,1777,4007,4015,12799,1777,319040,192364,196208
UL_LAT_BD,2017-03-03 16:17:12.777900,2.04656338692,1.02236795425,0.0569849014282,0.337896347046,0.215324163437,0.0623872280121,0.128826856613,0.117708683014,0.00751376152039,0.0408306121826,0.0244941711426,0.0304217338562,0.202132225037,0.403190374374,4010,4018,12805,1778,4010,4018,12805,1778,319284,192508,196308
UL_LAT_BD,2017-03-03 16:17:12.880008,2.04752063751,1.02265930176,0.057000875473,0.338026285172,0.215420246124,0.0624105930328,0.128879785538,0.117739677429,0.00751686096191,0.0408446788788,0.0245041847229,0.0304217338562,0.202220201492,0.403239250183,4012,4020,12813,1779,4012,4020,12813,1779,319436,192596,196408
UL_LAT_BD,2017-03-03 16:17:12.981879,2.0483880043,1.02304029465,0.0570785999298,0.33817243576,0.215507268906,0.0624372959137,0.128936290741,0.117795705795,0.00752067565918,0.0408589839935,0.0245130062103,0.0304465293884,0.202330112457,0.403277158737,4014,4022,12820,1780,4014,4022,12820,1780,319604,192692,196512
UL_LAT_BD,2017-03-03 16:17:13.084164,2.04954266548,1.02347016335,0.0571613311768,0.338374376297,0.215627193451,0.0624701976776,0.129010438919,0.117874860764,0.00752878189087,0.0408790111542,0.0245559215546,0.0304465293884,0.202429294586,0.403311252594,4017,4025,12826,1781,4017,4025,12826,1781,319832,192832,196616
UL_LAT_BD,2017-03-03 16:17:13.185854,2.05040597916,1.02374315262,0.0571773052216,0.338506221771,0.215719223022,0.0624990463257,0.129069328308,0.117913722992,0.0075318813324,0.0408961772919,0.0245668888092,0.0304465293884,0.202507257462,0.403351306915,4019,4027,12831,1782,4019,4027,12831,1782,320000,192928,196740
DL_LAT_BD,2017-03-03 16:17:13.061878,103,0,0,0
UL_LAT_BD,2017-03-03 16:17:13.287975,2.05146574974,1.02403330803,0.0571961402893,0.338613510132,0.215790271759,0.0625207424164,0.129114627838,0.117946624756,0.00753474235535,0.040913105011,0.0245769023895,0.0304465293884,0.202619552612,0.403395414352,4021,4029,12837,1783,4021,4029,12837,1783,320152,193016,196840
UL_LAT_BD,2017-03-03 16:17:13.390007,2.05226778984,1.02433037758,0.05721616745,0.338784694672,0.215884447098,0.0625491142273,0.129171609879,0.118020772934,0.00753879547119,0.0409371852875,0.0245916843414,0.0304725170135,0.202681541443,0.403433561325,4023,4031,12842,1784,4023,4031,12842,1784,320320,193112,196924
UL_LAT_BD,2017-03-03 16:17:13.491924,2.05339956284,1.02468657494,0.0572581291199,0.338967561722,0.216007471085,0.0625879764557,0.129246711731,0.1180768013,0.00754404067993,0.0409610271454,0.0246107578278,0.0304725170135,0.202763795853,0.403472661972,4026,4034,12849,1785,4026,4034,12849,1785,320548,193244,197024
UL_LAT_BD,2017-03-03 16:17:13.593948,2.0541472435,1.02495455742,0.0572731494904,0.339111566544,0.21611738205,0.062625169754,0.129313707352,0.11810874939,0.00754809379578,0.0409758090973,0.0246207714081,0.0304725170135,0.202829837799,0.403507709503,4028,4036,12855,1786,4028,4036,12855,1786,320716,193352,197128
UL_LAT_BD,2017-03-03 16:17:13.695806,2.05535554886,1.02533245087,0.0573692321777,0.339264631271,0.216194391251,0.0626564025879,0.129351615906,0.118182659149,0.0075511932373,0.0410027503967,0.0246317386627,0.0304996967316,0.202916622162,0.403540611267,4030,4038,12863,1787,4030,4038,12863,1787,320868,193444,197224
UL_LAT_BD,2017-03-03 16:17:13.797914,2.06038022041,1.02567863464,0.0573914051056,0.339413642883,0.216300487518,0.0626864433289,0.129420757294,0.11822271347,0.00755643844604,0.0410215854645,0.0246427059174,0.0304996967316,0.20302939415,0.403595685959,4032,4040,12869,1788,4032,4040,12869,1788,321036,193540,197348
UL_LAT_BD,2017-03-03 16:17:13.900100,2.06156539917,1.02607584,0.0574152469635,0.339620828629,0.216455459595,0.0627472400665,0.129503965378,0.118271112442,0.00756144523621,0.0410406589508,0.0246577262878,0.0304996967316,0.203146457672,0.403632640839,4035,4043,12875,1789,4035,4043,12875,1789,321264,193672,197468
UL_LAT_BD,2017-03-03 16:17:14.001857,2.06246757507,1.02634072304,0.0574300289154,0.339738845825,0.21653842926,0.0627739429474,0.129556179047,0.118304252625,0.00756359100342,0.0410556793213,0.0246686935425,0.0304996967316,0.203221559525,0.403679609299,4037,4045,12882,1790,4037,4045,12882,1790,321432,193768,197572
UL_LAT_BD,2017-03-03 16:17:14.104039,2.06338405609,1.02675938606,0.057540178299,0.339923858643,0.216641426086,0.0628063678741,0.129620075226,0.118385076523,0.00756740570068,0.0410847663879,0.0246856212616,0.0305244922638,0.203301429749,0.403714418411,4039,4047,12889,1791,4039,4047,12889,1791,321600,193872,197676
DL_LAT_BD,2017-03-03 16:17:14.061852,103,0,0,0
UL_LAT_BD,2017-03-03 16:17:14.205755,2.06421971321,1.02705049515,0.057555437088,0.340062856674,0.216726541519,0.0628373622894,0.129664182663,0.118437051773,0.00759053230286,0.0410976409912,0.0246937274933,0.0305244922638,0.203397512436,0.403749227524,4041,4049,12895,1792,4041,4049,12895,1792,321752,193960,197780
UL_LAT_BD,2017-03-03 16:17:14.307882,2.06524920464,1.02736592293,0.0575795173645,0.340238809586,0.21685051918,0.0628743171692,0.129740953445,0.118485927582,0.00759339332581,0.0411207675934,0.0247066020966,0.0305244922638,0.203472614288,0.403782129288,4044,4052,12901,1793,4044,4052,12901,1793,321996,194100,197880
UL_LAT_BD,2017-03-03 16:17:14.410110,2.06602048874,1.02766776085,0.0575923919678,0.340395689011,0.21692943573,0.0628988742828,0.129790067673,0.118561029434,0.00759744644165,0.0411486625671,0.0247197151184,0.0305485725403,0.203535556793,0.403843164444,4046,4054,12907,1794,4046,4054,12907,1794,322148,194192,197980
UL_LAT_BD,2017-03-03 16:17:14.511819,2.06671738625,1.02838158607,0.0576071739197,0.340559720993,0.217051506042,0.062931060791,0.129846096039,0.11860203743,0.00760245323181,0.0411686897278,0.0247316360474,0.0305485725403,0.204032421112,0.403872251511,4048,4056,12911,1795,4048,4056,12911,1795,322300,194284,198060
UL_LAT_BD,2017-03-03 16:17:14.614069,2.06873059273,1.02875423431,0.0576333999634,0.340793371201,0.217219352722,0.062983751297,0.129945993423,0.118661880493,0.00760936737061,0.0411937236786,0.024751663208,0.0305485725403,0.204089403152,0.403924226761,4051,4059,12915,1796,4051,4059,12915,1796,322544,194428,198180
UL_LAT_BD,2017-03-03 16:17:14.715762,2.06960129738,1.0289876461,0.0576496124268,0.340903282166,0.21729516983,0.0630073547363,0.129992961884,0.118693828583,0.00761342048645,0.0412085056305,0.0247616767883,0.0305485725403,0.204150676727,0.403965234756,4053,4061,12920,1797,4053,4061,12920,1797,322696,194516,198280
