UL_LAT_BD,2017-03-03 16:16:59.982884,1.89462828636,0.966457366943,0.0536434650421,0.310116529465,0.197424173355,0.0556285381317,0.119322299957,0.108234643936,0.00694727897644,0.0383305549622,0.0228540897369,0.02907538414,0.189107894897,0.392791748047,3729,3723,12050,1640,3729,3723,12050,1640,296672,171996,172076
DL_LAT_BD,2017-03-03 16:17:00.061816,103,0,0,0
UL_LAT_BD,2017-03-03 16:17:00.085057,1.89580154419,0.966861963272,0.0537011623383,0.310317754745,0.197536230087,0.0556635856628,0.119386196136,0.108321905136,0.00695133209229,0.0383603572845,0.0228714942932,0.0291023254395,0.189205646515,0.39282989502,3732,3726,12058,1641,3732,3726,12058,1641,296900,172136,172180
UL_LAT_BD,2017-03-03 16:17:00.186928,1.89681243896,0.967153549194,0.0537192821503,0.310433626175,0.197622299194,0.0556876659393,0.119438409805,0.10834980011,0.00695323944092,0.0383706092834,0.0228815078735,0.0291023254395,0.189321517944,0.392863750458,3734,3728,12064,1642,3734,3728,12064,1642,297068,172232,172284
UL_LAT_BD,2017-03-03 16:17:00.288968,1.89787173271,0.967420339584,0.0537352561951,0.310551643372,0.197696208954,0.0557088851929,0.119484424591,0.108392953873,0.00695514678955,0.0383944511414,0.0228915214539,0.0291023254395,0.1894094944,0.392897605896,3736,3730,12071,1643,3736,3730,12071,1643,297220,172320,172384
UL_LAT_BD,2017-03-03 16:17:00.390860,1.89884066582,0.967730045319,0.0537521839142,0.310713529587,0.197781085968,0.0557341575623,0.119537353516,0.108467817307,0.0069580078125,0.0384185314178,0.02290558815,0.0291304588318,0.189495563507,0.392934560776,3738,3732,12079,1644,3738,3732,12079,1644,297388,172416,172508
UL_LAT_BD,2017-03-03 16:17:00.493070,1.89984798431,0.968057870865,0.0537722110748,0.310897827148,0.197916269302,0.0557663440704,0.119628190994,0.108512639999,0.00696206092834,0.0384376049042,0.0229194164276,0.0291304588318,0.189572572708,0.39297246933,3741,3735,12086,1645,3741,3735,12086,1645,297616,172548,172628
UL_LAT_BD,2017-03-03 16:17:00.595013,1.90090727806,0.968358755112,0.0537912845612,0.311038970947,0.198015213013,0.0557963848114,0.119687080383,0.108551740646,0.00696611404419,0.0384557247162,0.0229303836823,0.0291304588318,0.189659118652,0.393016576767,3743,3737,12094,1646,3743,3737,12094,1646,297784,172648,172732
UL_LAT_BD,2017-03-03 16:17:00.696933,1.90209627151,0.968951702118,0.0538084506989,0.311146259308,0.198088407516,0.0558168888092,0.119731903076,0.108584880829,0.00696921348572,0.0384728908539,0.0229382514954,0.0291304588318,0.189767837524,0.393366575241,3745,3739,12102,1647,3745,3739,12102,1647,297936,172736,172852
UL_LAT_BD,2017-03-03 16:17:00.799048,1.90501761436,0.969339370728,0.0538423061371,0.311358213425,0.19821023941,0.0558519363403,0.119809627533,0.108670949936,0.00697541236877,0.0385026931763,0.022956609726,0.0291574001312,0.189858675003,0.393408536911,3748,3742,12110,1648,3748,3742,12110,1648,298180,172876,172956
UL_LAT_BD,2017-03-03 16:17:00.900832,1.90601682663,0.969641208649,0.0538852214813,0.311467170715,0.198286294937,0.0558769702911,0.119856834412,0.108700990677,0.00697922706604,0.0385148525238,0.0229666233063,0.0291574001312,0.189966678619,0.393440485001,3750,3744,12118,1649,3750,3744,12118,1649,298332,172964,173056
UL_LAT_BD,2017-03-03 16:17:01.002968,1.90701818466,0.96994805336,0.0539014339447,0.311608076096,0.198381185532,0.0559041500092,0.119915723801,0.108747005463,0.00698328018188,0.0385408401489,0.0229785442352,0.0291574001312,0.190060377121,0.393486499786,3752,3746,12126,1650,3752,3746,12126,1650,298500,173060,173180
UL_LAT_BD,2017-03-03 16:17:01.105005,1.90789246559,0.970241785049,0.0539145469666,0.311760902405,0.198452949524,0.0559267997742,0.119961977005,0.108820915222,0.00698614120483,0.0385658740997,0.02299451828,0.0291814804077,0.190145969391,0.393520593643,3754,3748,12134,1651,3754,3748,12134,1651,298652,173156,173284
UL_LAT_BD,2017-03-03 16:17:01.206931,1.90896654129,0.970597743988,0.0539586544037,0.311955690384,0.198595762253,0.0559637546539,0.120054721832,0.108869791031,0.00699090957642,0.0385870933533,0.0230104923248,0.0291814804077,0.190219163895,0.3935546875,3757,3751,12140,1652,3757,3751,12140,1652,298896,173296,173388
DL_LAT_BD,2017-03-03 16:17:01.061817,103,0,0,0
UL_LAT_BD,2017-03-03 16:17:01.309043,1.9101061821,0.970876455307,0.0539758205414,0.312065601349,0.198668003082,0.0559866428375,0.120100736618,0.108904600143,0.00699281692505,0.038604259491,0.0230205059052,0.0291814804077,0.190324068069,0.393595695496,3759,3753,12147,1653,3759,3753,12147,1653,299048,173384,173488
UL_LAT_BD,2017-03-03 16:17:01.410832,1.91110277176,0.971162796021,0.0539939403534,0.312200307846,0.198764801025,0.0560173988342,0.120160102844,0.108940601349,0.00699472427368,0.0386202335358,0.0230314731598,0.0291814804077,0.190405368805,0.393640756607,3761,3755,12154,1654,3761,3755,12154,1654,299216,173480,173592
UL_LAT_BD,2017-03-03 16:17:01.512994,1.91266679764,0.971456050873,0.0540130138397,0.312356472015,0.198847055435,0.0560386180878,0.120210886002,0.10901260376,0.00699687004089,0.038642168045,0.0230464935303,0.0292053222656,0.190474271774,0.393681764603,3763,3757,12160,1655,3763,3757,12160,1655,299368,173568,173692
UL_LAT_BD,2017-03-03 16:17:01.615007,1.91408467293,0.971862792969,0.0540390014648,0.312546491623,0.198980093002,0.0560772418976,0.12029504776,0.109065532684,0.00700283050537,0.0386672019958,0.023060798645,0.0292053222656,0.190602302551,0.393733739853,3766,3760,12168,1656,3766,3760,12168,1656,299596,173700,173796
UL_LAT_BD,2017-03-03 16:17:01.717011,1.91524481773,0.972196102142,0.0540580749512,0.31271147728,0.199084043503,0.0561022758484,0.120364189148,0.109123468399,0.00700569152832,0.0386822223663,0.0230948925018,0.0292053222656,0.190685510635,0.393790721893,3768,3762,12174,1657,3768,3762,12174,1657,299764,173796,173916
UL_LAT_BD,2017-03-03 16:17:01.819076,1.91912674904,0.972658634186,0.054080247879,0.312882423401,0.199168682098,0.0561263561249,0.120416879654,0.109207630157,0.00700974464417,0.0387072563171,0.0231108665466,0.0292375087738,0.190910577774,0.393823623657,3770,3764,12182,1658,3770,3764,12182,1658,299916,173884,174020
UL_LAT_BD,2017-03-03 16:17:01.920764,1.92014288902,0.972974777222,0.0540964603424,0.313026189804,0.199263572693,0.0561552047729,0.12047624588,0.109253644943,0.00701570510864,0.0387325286865,0.023120880127,0.0292375087738,0.191024541855,0.39385676384,3772,3766,12190,1659,3772,3766,12190,1659,300084,173980,174120
UL_LAT_BD,2017-03-03 16:17:02.022926,1.92125320435,0.973317146301,0.0541224479675,0.313201189041,0.19938158989,0.0561900138855,0.120551586151,0.109307289124,0.00702047348022,0.0387573242188,0.0231356620789,0.0292375087738,0.191118478775,0.393894672394,3775,3769,12197,1660,3775,3769,12197,1660,300312,174112,174224
UL_LAT_BD,2017-03-03 16:17:02.125012,1.92294502258,0.973648786545,0.0541396141052,0.313366413116,0.199508666992,0.0562191009521,0.120644569397,0.109342336655,0.00702333450317,0.0387744903564,0.0231456756592,0.0292375087738,0.191213607788,0.393938779831,3777,3771,12205,1661,3777,3771,12205,1661,300480,174216,174344
