UL_LAT_BD,2017-03-03 16:16:29.382917,1.5257768631,0.847032785416,0.0447402000427,0.2543861866,0.165502548218,0.0462009906769,0.0992269515991,0.0852563381195,0.00571227073669,0.0314168930054,0.0185024738312,0.0209710597992,0.15317773819,0.377236604691,3050,3044,9802,1340,3050,3044,9802,1340,242728,140656,140772
UL_LAT_BD,2017-03-03 16:16:29.485143,1.52680706978,0.849980831146,0.0448231697083,0.257123947144,0.165636539459,0.0462386608124,0.0993082523346,0.0878582000732,0.00571942329407,0.0314538478851,0.0185215473175,0.0234971046448,0.153257846832,0.37727355957,3053,3047,9809,1341,3053,3047,9809,1341,242972,140796,140876
UL_LAT_BD,2017-03-03 16:16:29.586939,1.52779698372,0.850279569626,0.0448369979858,0.257235765457,0.165717601776,0.0462627410889,0.0993580818176,0.0878870487213,0.0057225227356,0.0314648151398,0.0185315608978,0.0234971046448,0.153387069702,0.377307653427,3055,3049,9819,1342,3055,3049,9819,1342,243124,140884,140976
UL_LAT_BD,2017-03-03 16:16:29.689047,1.5287528038,0.850744247437,0.0450060367584,0.257380723953,0.165820598602,0.0462927818298,0.0994215011597,0.0879271030426,0.00572562217712,0.0314838886261,0.0185434818268,0.0234971046448,0.153492927551,0.377341747284,3057,3051,9828,1343,3057,3051,9828,1343,243292,140980,141080
UL_LAT_BD,2017-03-03 16:16:29.790844,1.53298997879,0.851182460785,0.0451219081879,0.257552862167,0.1659116745,0.046318769455,0.0994784832001,0.0880081653595,0.00572896003723,0.0315079689026,0.0185573101044,0.0235269069672,0.153600215912,0.377375841141,3059,3053,9836,1344,3059,3053,9836,1344,243444,141068,141180
UL_LAT_BD,2017-03-03 16:16:29.892981,1.53482580185,0.851690530777,0.0452747344971,0.257745981216,0.166047811508,0.0463588237762,0.0995621681213,0.0880610942841,0.00573301315308,0.0315289497375,0.0185751914978,0.0235269069672,0.153709411621,0.377415895462,3062,3056,9845,1345,3062,3056,9845,1345,243688,141208,141304
UL_LAT_BD,2017-03-03 16:16:29.995044,1.53575134277,0.851939201355,0.0452890396118,0.257859945297,0.166124820709,0.0463798046112,0.0996074676514,0.0880980491638,0.00573492050171,0.0315470695496,0.0185852050781,0.0235269069672,0.153788089752,0.377447843552,3064,3058,9851,1346,3064,3058,9851,1346,243840,141296,141388
DL_LAT_BD,2017-03-03 16:16:30.062712,103,0,0,0
UL_LAT_BD,2017-03-03 16:16:30.096855,1.53670024872,0.852252721786,0.0453038215637,0.258015871048,0.166220903397,0.0464067459106,0.0996658802032,0.0881569385529,0.00573778152466,0.0315837860107,0.0185983181,0.0235269069672,0.153883218765,0.377488613129,3066,3060,9859,1347,3066,3060,9859,1347,244008,141400,141492
UL_LAT_BD,2017-03-03 16:16:30.198969,1.53769803047,0.852617740631,0.0453276634216,0.258234739304,0.166336774826,0.0464403629303,0.0997366905212,0.0882570743561,0.00574278831482,0.0316188335419,0.0186195373535,0.0235579013824,0.153964281082,0.377521753311,3069,3063,9865,1348,3069,3063,9865,1348,244236,141532,141592
UL_LAT_BD,2017-03-03 16:16:30.300829,1.53877019882,0.852954864502,0.0454127788544,0.25834774971,0.166419744492,0.046466588974,0.0997896194458,0.0882852077484,0.00574469566345,0.0316288471222,0.0186295509338,0.0235579013824,0.154052019119,0.377562761307,3071,3065,9872,1349,3071,3065,9872,1349,244404,141628,141716
UL_LAT_BD,2017-03-03 16:16:30.402913,1.54129195213,0.853214025497,0.0454361438751,0.258458852768,0.166497707367,0.0464906692505,0.0998375415802,0.088317155838,0.0057475566864,0.0316436290741,0.0186376571655,0.0235579013824,0.154133081436,0.377596616745,3073,3067,9879,1350,3073,3067,9879,1350,244556,141716,141816
UL_LAT_BD,2017-03-03 16:16:30.505130,1.54211115837,0.853501319885,0.0454502105713,0.25860285759,0.166570663452,0.0465123653412,0.0998826026917,0.0883860588074,0.00575137138367,0.0316667556763,0.0186517238617,0.0235819816589,0.15422129631,0.377629756927,3075,3069,9887,1351,3075,3069,9887,1351,244708,141804,141920
UL_LAT_BD,2017-03-03 16:16:30.606934,1.54316210747,0.853858232498,0.0454742908478,0.258806943893,0.166714906693,0.046555519104,0.0999732017517,0.0884430408478,0.00575828552246,0.0316898822784,0.0186686515808,0.0235819816589,0.154307842255,0.377662658691,3078,3072,9895,1352,3078,3072,9895,1352,244952,141944,142020
UL_LAT_BD,2017-03-03 16:16:30.708967,1.54420661926,0.854208230972,0.0455522537231,0.258931875229,0.166802167892,0.0465817451477,0.100025892258,0.088479757309,0.00576210021973,0.0317089557648,0.0186805725098,0.0235819816589,0.154407262802,0.377702474594,3080,3074,9904,1353,3080,3074,9904,1353,245120,142040,142124
UL_LAT_BD,2017-03-03 16:16:30.810853,1.5450592041,0.854523420334,0.0456244945526,0.259055614471,0.166890144348,0.0466041564941,0.100086212158,0.0885117053986,0.00576519966125,0.0317249298096,0.0186905860901,0.0235819816589,0.15448474884,0.377737522125,3082,3076,9912,1354,3082,3076,9912,1354,245272,142128,142224
UL_LAT_BD,2017-03-03 16:16:30.912954,1.54593276978,0.854902744293,0.0456395149231,0.259260654449,0.166985034943,0.0466301441193,0.100145101547,0.0886189937592,0.00576829910278,0.0317490100861,0.0187044143677,0.0236430168152,0.1545753479,0.377796649933,3084,3078,9920,1355,3084,3078,9920,1355,245440,142224,142348
UL_LAT_BD,2017-03-03 16:16:31.015140,1.54701209068,0.855213403702,0.0456604957581,0.259418487549,0.167094230652,0.0466613769531,0.100212574005,0.0886647701263,0.00577306747437,0.031768321991,0.0187194347382,0.0236430168152,0.154669284821,0.377825498581,3087,3081,9929,1356,3087,3081,9929,1356,245668,142356,142432
UL_LAT_BD,2017-03-03 16:16:31.116935,1.54802179337,0.855578660965,0.0457375049591,0.259528398514,0.167169332504,0.0466845035553,0.100257396698,0.0886995792389,0.00577616691589,0.0317852497101,0.0187294483185,0.0236430168152,0.154803752899,0.377859354019,3089,3083,9938,1357,3089,3083,9938,1357,245820,142452,142536
UL_LAT_BD,2017-03-03 16:16:31.219041,1.54886960983,0.856025457382,0.0458202362061,0.259776353836,0.1673412323,0.0467250347137,0.100313186646,0.0887746810913,0.00578022003174,0.0318093299866,0.0187435150146,0.0236711502075,0.154873847961,0.37789440155,3091,3085,9944,1358,3091,3085,9944,1358,245988,142548,142636
DL_LAT_BD,2017-03-03 16:16:31.062738,103,0,0,0
UL_LAT_BD,2017-03-03 16:16:31.321285,1.54965162277,0.856267690659,0.0458333492279,0.259885549545,0.167415380478,0.0467472076416,0.100358247757,0.0888085365295,0.005784034729,0.0318250656128,0.018753528595,0.0236711502075,0.154945850372,0.377933502197,3093,3087,9949,1359,3093,3087,9949,1359,246140,142636,142740
