DL_LAT_BD,2017-03-03 16:15:33.062743,103,0,0,0
UL_LAT_BD,2017-03-03 16:15:33.077878,0.903882741928,0.621437072754,0.0277183055878,0.145358800888,0.0950164794922,0.0264692306519,0.0555138587952,0.0482225418091,0.00311017036438,0.0160510540009,0.0109395980835,0.0129985809326,0.0904147624969,0.348960638046,1799,1793,5724,788,1799,1793,5724,788,142700,82716,82904
UL_LAT_BD,2017-03-03 16:15:33.180817,0.904726982117,0.621704101562,0.0277473926544,0.145474672318,0.0950975418091,0.0264940261841,0.0555639266968,0.0482544898987,0.00311207771301,0.0160682201385,0.0109496116638,0.0129985809326,0.0904941558838,0.34899353981,1801,1795,5732,789,1801,1795,5732,789,142868,82812,83004
UL_LAT_BD,2017-03-03 16:15:33.282969,0.905685663223,0.622112989426,0.0278265476227,0.145671844482,0.0952117443085,0.0265266895294,0.0556354522705,0.0483334064484,0.00311589241028,0.0160956382751,0.0109672546387,0.0130217075348,0.0905759334564,0.349037647247,1804,1798,5740,790,1804,1798,5740,790,143112,82952,83108
UL_LAT_BD,2017-03-03 16:15:33.385004,0.906399488449,0.62233877182,0.0278403759003,0.145769834518,0.0952808856964,0.0265467166901,0.0556793212891,0.0483613014221,0.00311875343323,0.0161066055298,0.010977268219,0.0130217075348,0.0906472206116,0.349073648453,1806,1800,5747,791,1806,1800,5747,791,143264,83040,83228
UL_LAT_BD,2017-03-03 16:15:33.486917,0.907375812531,0.622635602951,0.0278525352478,0.145894765854,0.0953679084778,0.026567697525,0.0557384490967,0.0483961105347,0.00312161445618,0.0161256790161,0.0109872817993,0.0130217075348,0.0907640457153,0.349106788635,1808,1802,5756,792,1808,1802,5756,792,143416,83128,83332
UL_LAT_BD,2017-03-03 16:15:33.589079,0.908486127853,0.623161554337,0.0278806686401,0.146277666092,0.0955419540405,0.0266072750092,0.055844783783,0.048602104187,0.0031304359436,0.0161657333374,0.0110106468201,0.0131456851959,0.0908408164978,0.349138736725,1811,1805,5762,793,1811,1805,5762,793,143660,83268,83432
UL_LAT_BD,2017-03-03 16:15:33.690882,0.909495353699,0.623512268066,0.0278968811035,0.146444797516,0.0956530570984,0.0266399383545,0.0559122562408,0.0486540794373,0.00313448905945,0.0161876678467,0.011025428772,0.0131456851959,0.0909526348114,0.349184751511,1813,1807,5770,794,1813,1807,5770,794,143812,83356,83536
UL_LAT_BD,2017-03-03 16:15:33.792980,0.910478830338,0.623804569244,0.0279140472412,0.146586894989,0.0957612991333,0.0266711711884,0.0559811592102,0.0486860275269,0.00313830375671,0.0161998271942,0.0110373497009,0.0131456851959,0.0910382270813,0.349220752716,1815,1809,5776,795,1815,1809,5776,795,143980,83452,83636
UL_LAT_BD,2017-03-03 16:15:33.895073,0.911414146423,0.624070882797,0.0279340744019,0.146697998047,0.0958385467529,0.0266931056976,0.0560262203217,0.0487179756165,0.00314021110535,0.0162150859833,0.0110473632812,0.0131456851959,0.0911312103271,0.349253892899,1817,1811,5784,796,1817,1811,5784,796,144132,83540,83740
UL_LAT_BD,2017-03-03 16:15:33.996918,0.912578105927,0.62455368042,0.0280570983887,0.14691400528,0.0959672927856,0.0267357826233,0.0561010837555,0.0487999916077,0.00314426422119,0.016242980957,0.011063337326,0.0131726264954,0.0912194252014,0.349297761917,1820,1814,5792,797,1820,1814,5792,797,144376,83680,83840
UL_LAT_BD,2017-03-03 16:15:34.099040,0.913518428802,0.624802112579,0.0280690193176,0.147015810013,0.096039056778,0.0267565250397,0.0561451911926,0.048828125,0.00314831733704,0.016254901886,0.0110721588135,0.0131726264954,0.0913140773773,0.349329710007,1822,1816,5801,798,1822,1816,5801,798,144528,83776,83944
UL_LAT_BD,2017-03-03 16:15:34.200847,0.914400339127,0.629827022552,0.0280909538269,0.147144794464,0.0961298942566,0.0267832279205,0.0562000274658,0.0488631725311,0.00315260887146,0.0162708759308,0.0110831260681,0.0131726264954,0.0961408615112,0.349368810654,1824,1818,5809,799,1824,1818,5809,799,144696,83872,84044
DL_LAT_BD,2017-03-03 16:15:34.062725,103,0,0,0
UL_LAT_BD,2017-03-03 16:15:34.302973,0.919551134109,0.630079984665,0.0281128883362,0.147245883942,0.0961990356445,0.0268013477325,0.0562427043915,0.0488941669464,0.00315475463867,0.0162847042084,0.0110931396484,0.0131726264954,0.0962209701538,0.349411725998,1826,1820,5817,800,1826,1820,5817,800,144848,83960,84148
UL_LAT_BD,2017-03-03 16:15:34.405079,0.920528411865,0.630431413651,0.0281367301941,0.147450685501,0.0963127613068,0.0268352031708,0.0563135147095,0.0489790439606,0.00315856933594,0.016312122345,0.0111141204834,0.0131986141205,0.0962986946106,0.349447727203,1829,1823,5824,801,1829,1823,5824,801,145076,84092,84248
UL_LAT_BD,2017-03-03 16:15:34.506887,0.921426534653,0.630709171295,0.0281536579132,0.147578716278,0.0963978767395,0.0268614292145,0.0563671588898,0.0490210056305,0.00316166877747,0.0163342952728,0.0111260414124,0.0131986141205,0.0963916778564,0.349479913712,1831,1825,5830,802,1831,1825,5830,802,145244,84188,84352
UL_LAT_BD,2017-03-03 16:15:34.609044,0.922465801239,0.631119966507,0.0281693935394,0.147841691971,0.096620798111,0.0268843173981,0.0565569400787,0.0490591526031,0.00316572189331,0.0163521766663,0.011137008667,0.0131986141205,0.0964736938477,0.349522829056,1833,1827,5836,803,1833,1827,5836,803,145396,84276,84452
UL_LAT_BD,2017-03-03 16:15:34.710835,0.923323631287,0.631446123123,0.0281841754913,0.147986650467,0.0967016220093,0.026908159256,0.0566091537476,0.0491223335266,0.00316905975342,0.0163681507111,0.0111501216888,0.0132234096527,0.096549987793,0.349549770355,1835,1829,5843,804,1835,1829,5843,804,145548,84364,84536
UL_LAT_BD,2017-03-03 16:15:34.812981,0.92436504364,0.631787776947,0.0282073020935,0.148169755936,0.0968368053436,0.0269446372986,0.0566964149475,0.0491693019867,0.00317287445068,0.0163879394531,0.0111639499664,0.0132234096527,0.0966432094574,0.349584817886,1838,1832,5851,805,1838,1832,5851,805,145792,84504,84656
UL_LAT_BD,2017-03-03 16:15:34.915113,0.925398111343,0.632156610489,0.0282964706421,0.148320913315,0.096941947937,0.0269749164581,0.0567626953125,0.0492124557495,0.00317716598511,0.0164060592651,0.0111787319183,0.0132234096527,0.096720457077,0.349623918533,1840,1834,5858,806,1840,1834,5858,806,145960,84600,84780
UL_LAT_BD,2017-03-03 16:15:35.016952,0.926339626312,0.632540941238,0.0283105373383,0.148447036743,0.0970211029053,0.0269980430603,0.0568115711212,0.0492572784424,0.0031840801239,0.016429901123,0.0111877918243,0.0132234096527,0.0968146324158,0.349765062332,1842,1836,5867,807,1842,1836,5867,807,146112,84688,84880
UL_LAT_BD,2017-03-03 16:15:35.119038,0.927859544754,0.633011102676,0.0283386707306,0.148732423782,0.0971760749817,0.0270571708679,0.0568954944611,0.0493824481964,0.00319290161133,0.0164616107941,0.0112195014954,0.013251543045,0.0969140529633,0.349811077118,1845,1839,5876,808,1845,1839,5876,808,146356,84836,85004
