UL_LAT_BD,2017-03-03 16:15:50.826941,1.09182906151,0.696470975876,0.0328631401062,0.180861949921,0.116298437119,0.0321154594421,0.0673789978027,0.062016248703,0.0038480758667,0.0224063396454,0.013222694397,0.0162489414215,0.111222982407,0.360649585724,2194,2188,7005,962,2194,2188,7005,962,174416,101056,101160
UL_LAT_BD,2017-03-03 16:15:50.929050,1.09289813042,0.696800708771,0.0328810214996,0.18102478981,0.116386175156,0.0321390628815,0.0674331188202,0.0620901584625,0.00385141372681,0.0224270820618,0.0132374763489,0.0162799358368,0.111313581467,0.360697507858,2196,2190,7013,963,2196,2190,7013,963,174584,101152,101264
UL_LAT_BD,2017-03-03 16:15:51.030887,1.09367752075,0.697095870972,0.0328960418701,0.181139707565,0.116469144821,0.032163143158,0.067485332489,0.0621211528778,0.00385451316833,0.0224401950836,0.0132474899292,0.0162799358368,0.111440896988,0.360730409622,2198,2192,7019,964,2198,2192,7019,964,174736,101240,101364
DL_LAT_BD,2017-03-03 16:15:51.061919,103,0,0,0
UL_LAT_BD,2017-03-03 16:15:51.132946,1.09449386597,0.69734120369,0.032910823822,0.18124461174,0.116541147232,0.0321850776672,0.0675282478333,0.0621540546417,0.00385761260986,0.0224542617798,0.0132575035095,0.0162799358368,0.111523866653,0.360763549805,2200,2194,7026,965,2200,2194,7026,965,174888,101336,101468
UL_LAT_BD,2017-03-03 16:15:51.235058,1.09558176994,0.697760105133,0.0329976081848,0.181443929672,0.116658210754,0.0322203636169,0.0676002502441,0.06223320961,0.00386142730713,0.0224771499634,0.0132744312286,0.0163049697876,0.111608982086,0.360801458359,2203,2197,7032,966,2203,2197,7032,966,175116,101468,101568
UL_LAT_BD,2017-03-03 16:15:51.336957,1.09649157524,0.69804930687,0.0330147743225,0.181571960449,0.11674451828,0.0322456359863,0.0676550865173,0.0622720718384,0.00386428833008,0.0224962234497,0.0132863521576,0.0163049697876,0.111704111099,0.360840559006,2205,2199,7041,967,2205,2199,7041,967,175284,101564,101692
UL_LAT_BD,2017-03-03 16:15:51.439061,1.09736728668,0.698322296143,0.0330276489258,0.181709051132,0.116843700409,0.0322759151459,0.0677130222321,0.0623090267181,0.00386738777161,0.0225133895874,0.0132973194122,0.0163049697876,0.111789464951,0.360872507095,2207,2201,7049,968,2207,2201,7049,968,175436,101652,101792
UL_LAT_BD,2017-03-03 16:15:51.540822,1.09822702408,0.698589086533,0.0330417156219,0.181840181351,0.116938829422,0.0323052406311,0.0677707195282,0.0623440742493,0.00387144088745,0.0225293636322,0.0133085250854,0.0163049697876,0.111866235733,0.360906600952,2209,2203,7057,969,2209,2203,7057,969,175604,101748,101896
UL_LAT_BD,2017-03-03 16:15:51.642938,1.09924292564,0.699016332626,0.0330636501312,0.182087182999,0.117067813873,0.0323436260223,0.0678515434265,0.0624589920044,0.00387644767761,0.0225625038147,0.0133285522461,0.0163550376892,0.111973285675,0.360945701599,2212,2206,7065,970,2212,2206,7065,970,175848,101888,101996
UL_LAT_BD,2017-03-03 16:15:51.745145,1.10045409203,0.699353456497,0.0330817699432,0.182212114334,0.117150783539,0.0323677062988,0.0679044723511,0.0624980926514,0.00388145446777,0.0225794315338,0.0133407115936,0.0163550376892,0.112116575241,0.360984563828,2214,2208,7074,971,2214,2208,7074,971,176000,101976,102100
UL_LAT_BD,2017-03-03 16:15:51.846945,1.1032371521,0.699645042419,0.0331058502197,0.182351827621,0.117242574692,0.0323929786682,0.0679602622986,0.0625419616699,0.00388431549072,0.0225985050201,0.0133588314056,0.0163550376892,0.112194776535,0.361026525497,2216,2210,7081,972,2216,2210,7081,972,176168,102072,102200
UL_LAT_BD,2017-03-03 16:15:51.949052,1.10415530205,0.699996232986,0.0331270694733,0.182573795319,0.117361307144,0.0324280261993,0.0680344104767,0.0626411437988,0.0038902759552,0.0226345062256,0.0133776664734,0.0163850784302,0.112264633179,0.361057519913,2219,2213,7088,973,2219,2213,7088,973,176396,102204,102304
UL_LAT_BD,2017-03-03 16:15:52.050827,1.10509228706,0.700258016586,0.0331430435181,0.182682752609,0.117435216904,0.0324511528015,0.0680804252625,0.0626730918884,0.00389313697815,0.0226495265961,0.0133876800537,0.0163850784302,0.112349510193,0.361100435257,2221,2215,7095,974,2221,2215,7095,974,176548,102300,102408
UL_LAT_BD,2017-03-03 16:15:52.152879,1.10594892502,0.700511932373,0.0331599712372,0.182794809341,0.117518186569,0.0324733257294,0.0681312084198,0.0627012252808,0.00389623641968,0.0226602554321,0.013397693634,0.0163850784302,0.112431526184,0.361134529114,2223,2217,7102,975,2223,2217,7102,975,176716,102396,102512
UL_LAT_BD,2017-03-03 16:15:52.255126,1.10674095154,0.700758218765,0.0331728458405,0.182915687561,0.1175968647,0.0324964523315,0.0681800842285,0.0627403259277,0.00390028953552,0.0226802825928,0.0134098529816,0.0163850784302,0.112506151199,0.361167430878,2225,2219,7109,976,2225,2219,7109,976,176868,102484,102612
DL_LAT_BD,2017-03-03 16:15:52.062720,103,0,0,0
UL_LAT_BD,2017-03-03 16:15:52.356930,1.10791873932,0.701246023178,0.0331947803497,0.183210611343,0.117728948593,0.0325360298157,0.0682618618011,0.0629003047943,0.00390553474426,0.0227122306824,0.0134296417236,0.0164799690247,0.112601518631,0.361230373383,2228,2222,7118,977,2228,2222,7118,977,177112,102624,102736
UL_LAT_BD,2017-03-03 16:15:52.459047,1.10883784294,0.701575040817,0.033207654953,0.183403491974,0.117875814438,0.0325629711151,0.0683219432831,0.0629413127899,0.00391244888306,0.0227301120758,0.0134427547455,0.0164799690247,0.112682819366,0.361263513565,2230,2224,7126,978,2230,2224,7126,978,177264,102712,102836
UL_LAT_BD,2017-03-03 16:15:52.560843,1.11138105392,0.701860427856,0.0332245826721,0.183521509171,0.117958784103,0.0325901508331,0.0683736801147,0.0629723072052,0.00391435623169,0.0227463245392,0.0134527683258,0.0164799690247,0.112772703171,0.361314535141,2232,2226,7134,979,2232,2226,7134,979,177432,102808,102940
UL_LAT_BD,2017-03-03 16:15:52.662939,1.11233139038,0.702150821686,0.0332388877869,0.183645486832,0.11804485321,0.0326128005981,0.0684342384338,0.0630073547363,0.00391721725464,0.0227632522583,0.0134627819061,0.0164799690247,0.11288189888,0.361348628998,2234,2228,7142,980,2234,2228,7142,980,177584,102896,103040
UL_LAT_BD,2017-03-03 16:15:52.765149,1.11406040192,0.703027248383,0.0333209037781,0.184269428253,0.118286848068,0.0326652526855,0.0686123371124,0.0633852481842,0.00416827201843,0.0228042602539,0.013486623764,0.0165319442749,0.112984657288,0.361391544342,2237,2231,7151,981,2237,2231,7151,981,177828,103036,103144
UL_LAT_BD,2017-03-03 16:15:52.866819,1.11493825912,0.703463554382,0.0334649085999,0.18440246582,0.118364095688,0.0326895713806,0.0686590671539,0.0634391307831,0.00417041778564,0.022839307785,0.013498544693,0.0165319442749,0.113079786301,0.361446619034,2239,2233,7159,982,2239,2233,7159,982,177980,103124,103244
