UL_LAT_BD,2017-03-03 16:14:57.378940,0.514552116394,0.182831287384,0.0169475078583,0.0859756469727,0.0577583312988,0.0163657665253,0.034131526947,0.027099609375,0.0016815662384,0.00917100906372,0.00619411468506,0.00718665122986,0.0567240715027,0.0177991390228,997,993,3155,438,997,993,3155,438,79152,45904,46164
UL_LAT_BD,2017-03-03 16:14:57.480891,0.515409708023,0.183088779449,0.0169625282288,0.0861086845398,0.0578572750092,0.0163908004761,0.0342004299164,0.027131319046,0.00168442726135,0.00918698310852,0.00620317459106,0.00718665122986,0.0567889213562,0.0178351402283,999,995,3161,439,999,995,3161,439,79320,46000,46284
UL_LAT_BD,2017-03-03 16:14:57.582983,0.516250610352,0.183342933655,0.0169794559479,0.0862407684326,0.0579314231873,0.0164136886597,0.0342466831207,0.0271863937378,0.0016872882843,0.00922417640686,0.00621438026428,0.00718665122986,0.0568468570709,0.0178651809692,1001,997,3166,440,1001,997,3166,440,79472,46088,46368
UL_LAT_BD,2017-03-03 16:14:57.685061,0.517418146133,0.183726787567,0.0170063972473,0.0864667892456,0.05806016922,0.0164499282837,0.034327507019,0.0272784233093,0.00169920921326,0.00925517082214,0.00623250007629,0.00720953941345,0.0569252967834,0.0179080963135,1004,1000,3172,441,1004,1000,3172,441,79716,46228,46468
UL_LAT_BD,2017-03-03 16:14:57.786920,0.521591663361,0.183999538422,0.0170292854309,0.0865795612335,0.0581421852112,0.0164728164673,0.034378528595,0.0273082256317,0.00170111656189,0.00926733016968,0.00624251365662,0.00720953941345,0.0570232868195,0.0179402828217,1006,1002,3180,442,1006,1002,3180,442,79884,46324,46572
UL_LAT_BD,2017-03-03 16:14:57.889050,0.522419691086,0.184243917465,0.0170443058014,0.0866816043854,0.0582122802734,0.0164949893951,0.0344233512878,0.027339220047,0.0017032623291,0.00928115844727,0.00625252723694,0.00720953941345,0.0570964813232,0.0179862976074,1008,1004,3186,443,1008,1004,3186,443,80036,46412,46692
UL_LAT_BD,2017-03-03 16:14:57.990888,0.523318529129,0.18469786644,0.0170602798462,0.0869946479797,0.0583662986755,0.0165178775787,0.0345442295074,0.0274982452393,0.00170636177063,0.00930404663086,0.00626540184021,0.00732064247131,0.0571675300598,0.0180342197418,1010,1006,3192,444,1010,1006,3192,444,80204,46508,46796
UL_LAT_BD,2017-03-03 16:14:58.092960,0.524629592896,0.185059070587,0.017085313797,0.0871686935425,0.0584862232208,0.0165526866913,0.0346214771271,0.0275485515594,0.00171232223511,0.00932502746582,0.00628232955933,0.00732064247131,0.0572707653046,0.0180842876434,1013,1009,3199,445,1013,1009,3199,445,80432,46648,46916
UL_LAT_BD,2017-03-03 16:14:58.194045,0.525416374207,0.185299396515,0.0171010494232,0.0872845649719,0.058568239212,0.0165777206421,0.0346722602844,0.0275812149048,0.00171613693237,0.00934219360352,0.00629210472107,0.00732064247131,0.0573425292969,0.018116235733,1015,1011,3204,446,1015,1011,3204,446,80600,46744,47020
DL_LAT_BD,2017-03-03 16:14:58.062123,103,0,0,0
UL_LAT_BD,2017-03-03 16:14:58.296922,0.526373147964,0.185550451279,0.0171158313751,0.0873897075653,0.0586402416229,0.0165967941284,0.0347180366516,0.0276122093201,0.0017192363739,0.0093560218811,0.00630211830139,0.00732064247131,0.0574357509613,0.0181460380554,1017,1013,3211,447,1017,1013,3211,447,80752,46832,47104
UL_LAT_BD,2017-03-03 16:14:58.399046,0.527415990829,0.18593454361,0.0171370506287,0.0876045227051,0.0587573051453,0.016631603241,0.0347912311554,0.0277051925659,0.00172257423401,0.00938677787781,0.00632238388062,0.00735068321228,0.0575230121613,0.0181949138641,1020,1016,3220,448,1020,1016,3220,448,80996,46972,47228
UL_LAT_BD,2017-03-03 16:14:58.500893,0.528227090836,0.186190843582,0.0171511173248,0.0877244472504,0.0588443279266,0.0166652202606,0.0348374843597,0.0277361869812,0.00172567367554,0.0094006061554,0.00633239746094,0.00735068321228,0.057605266571,0.0182280540466,1022,1018,3228,449,1022,1018,3228,449,81148,47060,47328
UL_LAT_BD,2017-03-03 16:14:58.602967,0.529077291489,0.186464071274,0.017165184021,0.087851524353,0.0589373111725,0.0166983604431,0.0348913669586,0.0277671813965,0.00172781944275,0.0094153881073,0.00634241104126,0.00735068321228,0.0576949119568,0.0182602405548,1024,1020,3236,450,1024,1020,3236,450,81316,47156,47432
UL_LAT_BD,2017-03-03 16:14:58.705145,0.52992606163,0.186761617661,0.01717710495,0.0879945755005,0.0590131282806,0.0167264938354,0.0349361896515,0.0278344154358,0.00172972679138,0.00943398475647,0.00635671615601,0.00737571716309,0.0577864646912,0.0183012485504,1026,1022,3245,451,1026,1022,3245,451,81468,47244,47552
UL_LAT_BD,2017-03-03 16:14:58.806945,0.53089761734,0.187106370926,0.0171980857849,0.0881776809692,0.0591442584991,0.0167620182037,0.0350179672241,0.0278844833374,0.00173473358154,0.00945496559143,0.00637173652649,0.00737571716309,0.0578601360321,0.0183591842651,1029,1025,3252,452,1029,1025,3252,452,81712,47384,47656
UL_LAT_BD,2017-03-03 16:14:58.908941,0.531775951385,0.187356233597,0.0172119140625,0.0882878303528,0.0592203140259,0.016783952713,0.0350639820099,0.0279185771942,0.00173878669739,0.00947093963623,0.00638175010681,0.00737571716309,0.0579428672791,0.0183923244476,1031,1027,3258,453,1031,1027,3258,453,81864,47472,47756
UL_LAT_BD,2017-03-03 16:14:59.010764,0.532589673996,0.187603712082,0.0172259807587,0.0884027481079,0.0593011379242,0.0168075561523,0.0351157188416,0.0279505252838,0.00174069404602,0.00948691368103,0.00639081001282,0.00737571716309,0.0580201148987,0.0184264183044,1033,1029,3265,454,1033,1029,3265,454,82032,47568,47860
UL_LAT_BD,2017-03-03 16:14:59.112968,0.533549785614,0.187948703766,0.0172400474548,0.0886127948761,0.059374332428,0.0168294906616,0.035160779953,0.028083562851,0.00174474716187,0.0095100402832,0.00640177726746,0.00746655464172,0.0581011772156,0.0184574127197,1035,1031,3274,455,1035,1031,3274,455,82184,47664,47964
DL_LAT_BD,2017-03-03 16:14:59.062103,103,0,0,0
UL_LAT_BD,2017-03-03 16:14:59.215112,0.534734725952,0.188267469406,0.0172710418701,0.088770866394,0.0594804286957,0.0168590545654,0.035227060318,0.0281324386597,0.00174856185913,0.00952982902527,0.00641870498657,0.00746655464172,0.0581896305084,0.0184872150421,1038,1034,3281,456,1038,1034,3281,456,82412,47796,48048
UL_LAT_BD,2017-03-03 16:14:59.316900,0.535677433014,0.188589811325,0.0172870159149,0.0888869762421,0.0595605373383,0.0168795585632,0.0352771282196,0.0281655788422,0.00175142288208,0.00954675674438,0.00642967224121,0.00746655464172,0.0583190917969,0.0185363292694,1040,1036,3290,457,1040,1036,3290,457,82580,47892,48148
UL_LAT_BD,2017-03-03 16:14:59.419042,0.536517381668,0.18899679184,0.0173001289368,0.0890719890594,0.0596585273743,0.0169026851654,0.0353288650513,0.0282504558563,0.00175428390503,0.00957846641541,0.0064435005188,0.00749564170837,0.0584771633148,0.018577337265,1042,1038,3297,458,1042,1038,3297,458,82732,47980,48272
UL_LAT_BD,2017-03-03 16:14:59.520887,0.537621736526,0.189342498779,0.0173192024231,0.0892219543457,0.0597734451294,0.0169296264648,0.0354104042053,0.0282835960388,0.00175833702087,0.00959348678589,0.00645446777344,0.00749564170837,0.0585799217224,0.0186374187469,1044,1040,3306,459,1044,1040,3306,459,82900,48076,48372
