UL_LAT_BD,2017-03-03 16:14:50.749047,0.437397956848,0.158543109894,0.0147869586945,0.0751459598541,0.0505599975586,0.0144672393799,0.0301566123962,0.0236456394196,0.00140237808228,0.00788426399231,0.00529861450195,0.00665402412415,0.0496597290039,0.015193939209,850,846,2684,373,850,846,2684,373,67452,39116,39300
UL_LAT_BD,2017-03-03 16:14:50.850865,0.43834900856,0.158892631531,0.0148019790649,0.0753269195557,0.0506939888,0.014520406723,0.0302324295044,0.0236885547638,0.00140619277954,0.00790238380432,0.00531339645386,0.00665402412415,0.0497581958771,0.0152370929718,852,848,2693,374,852,848,2693,374,67620,39212,39404
UL_LAT_BD,2017-03-03 16:14:50.953003,0.439232110977,0.1591796875,0.0148179531097,0.0754718780518,0.0507957935333,0.014550447464,0.0302946567535,0.0237288475037,0.00141048431396,0.0079174041748,0.00532841682434,0.00665402412415,0.0498452186584,0.0152680873871,854,850,2700,375,854,850,2700,375,67772,39300,39504
UL_LAT_BD,2017-03-03 16:14:51.055109,0.440166711807,0.159452676773,0.0148360729218,0.0755910873413,0.0508787631989,0.0145757198334,0.0303463935852,0.0237641334534,0.0014123916626,0.00793552398682,0.00533843040466,0.00665402412415,0.0499331951141,0.0153040885925,856,852,2708,376,856,852,2708,376,67940,39396,39628
DL_LAT_BD,2017-03-03 16:14:51.062112,103,0,0,0
UL_LAT_BD,2017-03-03 16:14:51.156921,0.441111087799,0.159856557846,0.0148561000824,0.0758619308472,0.0509905815125,0.0146081447601,0.0304169654846,0.0239202976227,0.00141716003418,0.007967710495,0.00535583496094,0.00674200057983,0.0500030517578,0.0153391361237,859,855,2715,377,859,855,2715,377,68168,39536,39728
UL_LAT_BD,2017-03-03 16:14:51.259046,0.444646596909,0.160111427307,0.0148780345917,0.0759778022766,0.0510776042938,0.0146343708038,0.0304691791534,0.0239481925964,0.00142002105713,0.00797891616821,0.00536584854126,0.00674200057983,0.0500812530518,0.0153710842133,861,857,2721,378,861,857,2721,378,68336,39632,39832
UL_LAT_BD,2017-03-03 16:14:51.360863,0.4456346035,0.160373449326,0.0148921012878,0.0760908126831,0.0511577129364,0.0146553516388,0.0305213928223,0.023980140686,0.00142383575439,0.00799512863159,0.00537586212158,0.00674200057983,0.0501732826233,0.0154061317444,863,859,2728,379,863,859,2728,379,68488,39720,39932
UL_LAT_BD,2017-03-03 16:14:51.462990,0.446470737457,0.16083407402,0.0150809288025,0.0762376785278,0.051257610321,0.0146832466125,0.0305852890015,0.0240252017975,0.0014271736145,0.00801491737366,0.00538992881775,0.00674200057983,0.0502529144287,0.0154449939728,865,861,2734,380,865,861,2734,380,68640,39808,40036
UL_LAT_BD,2017-03-03 16:14:51.565066,0.447599887848,0.161266326904,0.0151598453522,0.0764515399933,0.0513768196106,0.014719247818,0.0306582450867,0.0241141319275,0.00143098831177,0.00805020332336,0.00540804862976,0.00676608085632,0.0503506660461,0.0154769420624,868,864,2742,381,868,864,2742,381,68884,39948,40136
UL_LAT_BD,2017-03-03 16:14:51.666928,0.448592662811,0.161648750305,0.0152418613434,0.0765774250031,0.0514707565308,0.0147435665131,0.0307099819183,0.0241429805756,0.00143384933472,0.0080623626709,0.0054178237915,0.00676608085632,0.0504829883575,0.015508890152,870,866,2749,382,870,866,2749,382,69052,40044,40240
UL_LAT_BD,2017-03-03 16:14:51.769045,0.450303792953,0.161893606186,0.0152549743652,0.0766823291779,0.0515425205231,0.0147643089294,0.030754327774,0.0241739749908,0.00143694877625,0.00807619094849,0.00542688369751,0.00676608085632,0.0505528450012,0.0155630111694,872,868,2755,383,872,868,2755,383,69204,40132,40360
UL_LAT_BD,2017-03-03 16:14:51.870912,0.451422214508,0.162271499634,0.015331029892,0.07683634758,0.05162358284,0.0147883892059,0.0308063030243,0.0242428779602,0.00143885612488,0.00809717178345,0.00543975830078,0.00679302215576,0.050657749176,0.0155968666077,874,870,2763,384,874,870,2763,384,69372,40228,40484
UL_LAT_BD,2017-03-03 16:14:51.973008,0.452497005463,0.162600517273,0.0153539180756,0.0770335197449,0.0517706871033,0.0148310661316,0.0308983325958,0.0242910385132,0.00144267082214,0.00811719894409,0.00545477867126,0.00679302215576,0.0507271289825,0.0156259536743,877,873,2768,385,877,873,2768,385,69600,40360,40568
UL_LAT_BD,2017-03-03 16:14:52.075063,0.453566551208,0.16298866272,0.0154252052307,0.0771484375,0.0518527030945,0.0148541927338,0.0309500694275,0.0243227481842,0.00144553184509,0.00813126564026,0.00546479225159,0.00679302215576,0.0508563518524,0.015692949295,879,875,2776,386,879,875,2776,386,69768,40464,40708
UL_LAT_BD,2017-03-03 16:14:52.176915,0.454531669617,0.163258552551,0.0154414176941,0.0772714614868,0.0519204139709,0.0148751735687,0.0309920310974,0.0243771076202,0.0014476776123,0.00814509391785,0.00549554824829,0.00679302215576,0.050936460495,0.0157339572906,881,877,2784,387,881,877,2784,387,69920,40552,40808
DL_LAT_BD,2017-03-03 16:14:52.061839,103,0,0,0
UL_LAT_BD,2017-03-03 16:14:52.279049,0.455651521683,0.163734674454,0.0155344009399,0.0775103569031,0.0520584583282,0.0149221420288,0.0310711860657,0.0244731903076,0.00145173072815,0.00817584991455,0.00551605224609,0.00682592391968,0.0510356426239,0.0157680511475,884,880,2791,388,884,880,2791,388,70164,40692,40912
UL_LAT_BD,2017-03-03 16:14:52.380831,0.456456422806,0.164039373398,0.0156154632568,0.077614068985,0.0521304607391,0.0149440765381,0.0311172008514,0.02450299263,0.0014545917511,0.00818800926208,0.0055251121521,0.00682592391968,0.0511147975922,0.01580119133,886,882,2797,389,886,882,2797,389,70316,40780,41012
UL_LAT_BD,2017-03-03 16:14:52.482888,0.457425832748,0.164393901825,0.015700340271,0.0777537822723,0.0522263050079,0.0149729251862,0.0311751365662,0.0245440006256,0.00145959854126,0.00820803642273,0.00553512573242,0.00682592391968,0.0512018203735,0.0158340930939,888,884,2806,390,888,884,2806,390,70484,40876,41116
UL_LAT_BD,2017-03-03 16:14:52.585058,0.458297967911,0.164793968201,0.0157144069672,0.0779647827148,0.0523054599762,0.0149939060211,0.031227350235,0.0246748924255,0.0014636516571,0.00823497772217,0.00554895401001,0.00690698623657,0.0513029098511,0.0158982276917,890,886,2814,391,890,886,2814,391,70636,40964,41216
