UL_LAT_BD,2017-03-03 16:16:03.372927,1.25190210342,0.743042230606,0.0368814468384,0.202117681503,0.129868745804,0.0367558002472,0.0752880573273,0.0693781375885,0.00455713272095,0.0250489711761,0.0148515701294,0.0178079605103,0.126086711884,0.365705728531,2472,2466,7931,1085,2472,2466,7931,1085,196488,113864,113976
UL_LAT_BD,2017-03-03 16:16:03.475084,1.25297117233,0.743382453918,0.0369033813477,0.202313661575,0.129977703094,0.0367832183838,0.0753569602966,0.0694620609283,0.00456237792969,0.0250780582428,0.0148696899414,0.0178318023682,0.126168966293,0.36573767662,2475,2469,7938,1086,2475,2469,7938,1086,196716,113996,114076
UL_LAT_BD,2017-03-03 16:16:03.576979,1.25392985344,0.74368429184,0.0369365215302,0.202432632446,0.130061626434,0.0368051528931,0.0754158496857,0.0694952011108,0.00456428527832,0.0250930786133,0.0148787498474,0.0178318023682,0.126269817352,0.365780830383,2477,2471,7946,1087,2477,2471,7946,1087,196868,114084,114180
UL_LAT_BD,2017-03-03 16:16:03.679053,1.25466942787,0.743982553482,0.0369534492493,0.202563524246,0.130157470703,0.0368340015411,0.0754771232605,0.069530248642,0.00456619262695,0.0251052379608,0.0148916244507,0.0178318023682,0.126329898834,0.3658618927,2479,2473,7952,1088,2479,2473,7952,1088,197052,114184,114280
UL_LAT_BD,2017-03-03 16:16:03.780761,1.25583195686,0.744295835495,0.0369715690613,0.202697515488,0.130251407623,0.0368635654449,0.0755314826965,0.0695691108704,0.00456809997559,0.0251224040985,0.0149056911469,0.0178318023682,0.126435279846,0.36590886116,2481,2475,7960,1089,2481,2475,7960,1089,197220,114292,114440
UL_LAT_BD,2017-03-03 16:16:03.882979,1.25703597069,0.744689464569,0.0370104312897,0.202940225601,0.130404233932,0.0369005203247,0.075635433197,0.0696561336517,0.00457310676575,0.0251500606537,0.0149319171906,0.0178537368774,0.126506567001,0.36594080925,2484,2478,7966,1090,2484,2478,7966,1090,197652,114476,114540
DL_LAT_BD,2017-03-03 16:16:03.712588,74,0,0,0
DL_LAT_BD,2017-03-03 16:16:03.761955,74,0,0,0
DL_LAT_BD,2017-03-03 16:16:03.761955,531,0,0,0
DL_LAT_BD,2017-03-03 16:16:03.761955,109,0,0,0
DL_LAT_BD,2017-03-03 16:16:03.761955,1282,0,1,0
DL_LAT_BD,2017-03-03 16:16:03.761955,1282,0,0,0
DL_LAT_BD,2017-03-03 16:16:03.761955,1282,0,0,0
DL_LAT_BD,2017-03-03 16:16:03.761955,1282,0,0,0
DL_LAT_BD,2017-03-03 16:16:03.761955,1282,0,0,0
DL_LAT_BD,2017-03-03 16:16:03.761955,1282,0,1,0
DL_LAT_BD,2017-03-03 16:16:03.761955,1282,0,0,0
DL_LAT_BD,2017-03-03 16:16:03.761955,1282,0,0,0
DL_LAT_BD,2017-03-03 16:16:03.761955,267,0,0,0
UL_LAT_BD,2017-03-03 16:16:03.985051,1.25810623169,0.745416641235,0.0370285511017,0.203492164612,0.130921125412,0.0371396541595,0.0757970809937,0.0696883201599,0.00457835197449,0.0251631736755,0.0149428844452,0.0178537368774,0.126622676849,0.365972757339,2486,2480,7974,1091,2486,2480,7974,1091,197820,114572,114644
UL_LAT_BD,2017-03-03 16:16:04.086934,1.2592382431,0.745667457581,0.0370435714722,0.203597068787,0.130990028381,0.0371596813202,0.0758409500122,0.0697221755981,0.00458121299744,0.0251803398132,0.0149528980255,0.0178537368774,0.126709699631,0.366005897522,2488,2482,7982,1092,2488,2482,7982,1092,197972,114668,114748
UL_LAT_BD,2017-03-03 16:16:04.189051,1.26028299332,0.746075153351,0.0370645523071,0.203817605972,0.131100893021,0.0371925830841,0.0759105682373,0.0698270797729,0.00458526611328,0.0252304077148,0.0149691104889,0.0178816318512,0.126839876175,0.366032838821,2491,2485,7988,1093,2491,2485,7988,1093,198200,114800,114832
DL_LAT_BD,2017-03-03 16:16:04.062735,103,0,0,0
UL_LAT_BD,2017-03-03 16:16:04.290823,1.26123285294,0.746338129044,0.0370783805847,0.20393371582,0.131181001663,0.0372157096863,0.075959444046,0.0698618888855,0.00458717346191,0.0252463817596,0.0149781703949,0.0178816318512,0.126925945282,0.36607003212,2493,2487,7996,1094,2493,2487,7996,1094,198368,114896,114952
UL_LAT_BD,2017-03-03 16:16:04.392981,1.26197528839,0.746584892273,0.0370943546295,0.204063653946,0.131273031235,0.0372428894043,0.0760176181793,0.0698978900909,0.00459098815918,0.0252590179443,0.0149912834167,0.0178816318512,0.126977205276,0.36611199379,2495,2489,8001,1095,2495,2489,8001,1095,198520,114984,115056
UL_LAT_BD,2017-03-03 16:16:04.495047,1.26314997673,0.746888160706,0.0371105670929,0.204190731049,0.131362199783,0.037269115448,0.0760746002197,0.0699319839478,0.00459384918213,0.0252752304077,0.0150022506714,0.0178816318512,0.127083301544,0.366154909134,2497,2491,8009,1096,2497,2491,8009,1096,198688,115080,115156
UL_LAT_BD,2017-03-03 16:16:04.596926,1.26417255402,0.74725651741,0.0371334552765,0.204411029816,0.131492137909,0.0373113155365,0.0761566162109,0.0700182914734,0.00459814071655,0.0253057479858,0.0150215625763,0.0179076194763,0.127165317535,0.366189002991,2500,2494,8017,1097,2500,2494,8017,1097,198932,115220,115260
UL_LAT_BD,2017-03-03 16:16:04.699049,1.26521110535,0.753758192062,0.0371494293213,0.210757017136,0.137794017792,0.0373432636261,0.0824179649353,0.070059299469,0.00460433959961,0.0253207683563,0.0150346755981,0.0179076194763,0.127264261246,0.36622095108,2502,2496,8025,1098,2502,2496,8025,1098,199084,115308,115360
UL_LAT_BD,2017-03-03 16:16:04.801277,1.26620221138,0.754071712494,0.037166595459,0.210891008377,0.137887001038,0.0373702049255,0.0824773311615,0.0700991153717,0.00460815429688,0.025340795517,0.0150468349457,0.0179076194763,0.127368211746,0.366271018982,2504,2498,8034,1099,2504,2498,8034,1099,199252,115404,115484
UL_LAT_BD,2017-03-03 16:16:04.902989,1.26702094078,0.754415273666,0.0372424125671,0.210998058319,0.137959957123,0.0373933315277,0.0825221538544,0.070130109787,0.0046112537384,0.0253558158875,0.0150558948517,0.0179076194763,0.127486228943,0.366306066513,2506,2500,8041,1100,2506,2500,8041,1100,199404,115492,115584
UL_LAT_BD,2017-03-03 16:16:05.005050,1.26846075058,0.755018472672,0.0373623371124,0.211207151413,0.138075828552,0.0374293327332,0.0825936794281,0.0702202320099,0.00461506843567,0.0253868103027,0.0150759220123,0.0179336071014,0.127715826035,0.366338014603,2509,2503,8050,1101,2509,2503,8050,1101,199632,115624,115688
UL_LAT_BD,2017-03-03 16:16:05.106946,1.26946425438,0.755308866501,0.0374002456665,0.211325883865,0.138163805008,0.0374553203583,0.0826489925385,0.0702481269836,0.00461792945862,0.025398015976,0.0150859355927,0.0179336071014,0.127807855606,0.366372823715,2511,2505,8058,1102,2511,2505,8058,1102,199800,115728,115792
DL_LAT_BD,2017-03-03 16:16:05.062738,103,0,0,0
UL_LAT_BD,2017-03-03 16:16:05.209053,1.2702767849,0.755604505539,0.0374562740326,0.211437702179,0.138233661652,0.0374753475189,0.0826940536499,0.0702862739563,0.00462007522583,0.0254189968109,0.015095949173,0.0179336071014,0.127889633179,0.366407871246,2513,2507,8066,1103,2513,2507,8066,1103,199952,115816,115896
UL_LAT_BD,2017-03-03 16:16:05.310824,1.27119803429,0.756007432938,0.0374763011932,0.211673736572,0.138332605362,0.0375056266785,0.0827569961548,0.0704214572906,0.00462412834167,0.0254437923431,0.0151109695435,0.0180215835571,0.127969264984,0.366465806961,2515,2509,8072,1104,2515,2509,8072,1104,200120,115912,115996
UL_LAT_BD,2017-03-03 16:16:05.412952,1.2724032402,0.756341218948,0.0375001430511,0.211852550507,0.138462781906,0.0375430583954,0.0828387737274,0.0704672336578,0.00462818145752,0.0254657268524,0.0151259899139,0.0180215835571,0.128054141998,0.366500854492,2518,2512,8079,1105,2518,2512,8079,1105,200364,116052,116100
UL_LAT_BD,2017-03-03 16:16:05.515048,1.27357006073,0.756626367569,0.0375163555145,0.212002754211,0.138553857803,0.0375738143921,0.0828921794891,0.0705232620239,0.00463223457336,0.0254826545715,0.0151538848877,0.0180215835571,0.128130197525,0.366535663605,2520,2514,8085,1106,2520,2514,8085,1106,200516,116140,116200
