UL_LAT_BD,2017-03-03 16:16:27.240806,1.5045440197,0.8380818367,0.0443089008331,0.251368284225,0.163327217102,0.0455281734467,0.097892999649,0.0844655036926,0.00562930107117,0.0311050415039,0.0182466506958,0.0209441184998,0.151160240173,0.376434326172,3003,2997,9653,1319,3003,2997,9653,1319,238996,138492,138608
UL_LAT_BD,2017-03-03 16:16:27.342910,1.5055706501,0.840839624405,0.0443248748779,0.251479148865,0.163413047791,0.0455522537231,0.0979468822479,0.0844874382019,0.00563311576843,0.0311193466187,0.0182485580444,0.0209441184998,0.151250839233,0.376466274261,3005,2999,9661,1320,3005,2999,9661,1320,239164,138588,138708
UL_LAT_BD,2017-03-03 16:16:27.445159,1.50641274452,0.841137170792,0.0443379878998,0.251598119736,0.163506984711,0.0455803871155,0.0980060100555,0.0845105648041,0.00563621520996,0.0311324596405,0.018251657486,0.0209441184998,0.15136551857,0.376507282257,3007,3001,9669,1321,3007,3001,9669,1321,239316,138676,138812
UL_LAT_BD,2017-03-03 16:16:27.546940,1.50757431984,0.84147644043,0.0443630218506,0.251780986786,0.163628101349,0.0456154346466,0.0980839729309,0.0845694541931,0.00563907623291,0.0311486721039,0.0182838439941,0.0209441184998,0.151450395584,0.376542329788,3010,3004,9677,1322,3010,3004,9677,1322,239560,138816,138912
UL_LAT_BD,2017-03-03 16:16:27.649158,1.50841021538,0.841765403748,0.0443761348724,0.251895904541,0.163712024689,0.0456414222717,0.0981352329254,0.0845975875854,0.00564217567444,0.031165599823,0.0182862281799,0.0209441184998,0.151549339294,0.376595258713,3012,3006,9684,1323,3012,3006,9684,1323,239712,138904,139036
UL_LAT_BD,2017-03-03 16:16:27.750870,1.50921320915,0.842018604279,0.0443942546844,0.252025127411,0.163813114166,0.0456714630127,0.0981981754303,0.0846226215363,0.00564503669739,0.0311806201935,0.0182881355286,0.0209441184998,0.151617527008,0.376625299454,3014,3008,9690,1324,3014,3008,9690,1324,239880,139000,139120
UL_LAT_BD,2017-03-03 16:16:27.852961,1.51008725166,0.842250108719,0.0444083213806,0.252118110657,0.163886070251,0.045693397522,0.098245382309,0.0846426486969,0.00564908981323,0.031192779541,0.0182900428772,0.0209441184998,0.151697635651,0.376659393311,3016,3010,9698,1325,3016,3010,9698,1325,240032,139088,139224
UL_LAT_BD,2017-03-03 16:16:27.955065,1.51166391373,0.842582702637,0.0444324016571,0.252300977707,0.164004087448,0.0457282066345,0.0983183383942,0.0847055912018,0.00565314292908,0.0312128067017,0.0183219909668,0.0209441184998,0.151768922806,0.376703262329,3019,3013,9704,1326,3019,3013,9704,1326,240260,139220,139324
UL_LAT_BD,2017-03-03 16:16:28.056939,1.51264429092,0.842841625214,0.0444476604462,0.252409219742,0.164088010788,0.0457525253296,0.098372220993,0.0847277641296,0.0056574344635,0.0312256813049,0.0183229446411,0.0209441184998,0.151856899261,0.376741170883,3021,3015,9712,1327,3021,3015,9712,1327,240428,139316,139428
UL_LAT_BD,2017-03-03 16:16:28.159049,1.51356053352,0.843100547791,0.0444626808167,0.252518177032,0.164170026779,0.0457763671875,0.0984220504761,0.0847527980804,0.00566172599792,0.0312397480011,0.0183248519897,0.0209441184998,0.151949882507,0.376773357391,3023,3017,9719,1328,3023,3017,9719,1328,240580,139412,139528
UL_LAT_BD,2017-03-03 16:16:28.260806,1.5144033432,0.843416929245,0.0444774627686,0.252698421478,0.16428232193,0.045818567276,0.098484992981,0.0848178863525,0.00566577911377,0.0312557220459,0.0183637142181,0.0209441184998,0.152028083801,0.376807451248,3025,3019,9726,1329,3025,3019,9726,1329,240748,139508,139632
DL_LAT_BD,2017-03-03 16:16:28.062732,103,0,0,0
UL_LAT_BD,2017-03-03 16:16:28.363002,1.51534485817,0.843682050705,0.0444972515106,0.252835273743,0.164388418198,0.0458483695984,0.0985512733459,0.0848457813263,0.00567150115967,0.0312719345093,0.0183656215668,0.0209441184998,0.152093887329,0.376839637756,3028,3022,9732,1330,3028,3022,9732,1330,240976,139640,139732
UL_LAT_BD,2017-03-03 16:16:28.465036,1.51644515991,0.84394288063,0.0445151329041,0.252943277359,0.164473295212,0.0458743572235,0.0986032485962,0.0848679542542,0.0056734085083,0.0312838554382,0.018367767334,0.0209441184998,0.152187824249,0.376874685287,3030,3024,9740,1331,3030,3024,9740,1331,241144,139736,139836
UL_LAT_BD,2017-03-03 16:16:28.566917,1.51771807671,0.844349861145,0.0445282459259,0.253075122833,0.16454744339,0.0458955764771,0.0986480712891,0.0849237442017,0.00567841529846,0.0312948226929,0.0184037685394,0.0209441184998,0.152406692505,0.376909732819,3032,3026,9746,1332,3032,3026,9746,1332,241296,139824,139936
UL_LAT_BD,2017-03-03 16:16:28.669048,1.51900553703,0.844768762589,0.044554233551,0.253328084946,0.164752483368,0.0459418296814,0.0987989902496,0.0849697589874,0.0056836605072,0.0313048362732,0.0184247493744,0.0209441184998,0.152500629425,0.376942634583,3035,3029,9753,1333,3035,3029,9753,1333,241540,139964,140040
UL_LAT_BD,2017-03-03 16:16:28.770898,1.52001476288,0.845133304596,0.0446383953094,0.253473043442,0.164861440659,0.0459687709808,0.0988731384277,0.0850019454956,0.00569176673889,0.0313129425049,0.018435716629,0.0209441184998,0.152592420578,0.376978635788,3037,3031,9760,1334,3037,3031,9760,1334,241692,140052,140140
UL_LAT_BD,2017-03-03 16:16:28.872919,1.52097034454,0.845500230789,0.0446541309357,0.253704071045,0.165054321289,0.0460686683655,0.0989589691162,0.0850360393524,0.00569581985474,0.031327009201,0.018447637558,0.0209441184998,0.152668476105,0.377015590668,3039,3033,9767,1335,3039,3033,9767,1335,241860,140148,140244
UL_LAT_BD,2017-03-03 16:16:28.975237,1.52187228203,0.8457903862,0.0446681976318,0.253811120987,0.165125370026,0.0460894107819,0.0990028381348,0.0850689411163,0.00569891929626,0.0313427448273,0.0184576511383,0.0209441184998,0.152787208557,0.377060413361,3041,3035,9775,1336,3041,3035,9775,1336,242012,140236,140344
UL_LAT_BD,2017-03-03 16:16:29.076841,1.52311873436,0.846183300018,0.0446920394897,0.254024028778,0.165247440338,0.0461270809174,0.0990767478943,0.0851559638977,0.00570392608643,0.0313708782196,0.0184745788574,0.0209710597992,0.152875423431,0.377119541168,3044,3038,9781,1337,3044,3038,9781,1337,242256,140384,140448
DL_LAT_BD,2017-03-03 16:16:29.061864,103,0,1,0
UL_LAT_BD,2017-03-03 16:16:29.179050,1.52405691147,0.846507549286,0.0447099208832,0.2541410923,0.165331602097,0.046149969101,0.0991308689117,0.0851850509644,0.00570583343506,0.0313827991486,0.0184845924377,0.0209710597992,0.153023481369,0.377152442932,3046,3040,9788,1338,3046,3040,9788,1338,242424,140480,140548
UL_LAT_BD,2017-03-03 16:16:29.280810,1.52494764328,0.846760749817,0.0447251796722,0.254251003265,0.16540646553,0.0461738109589,0.0991768836975,0.0852181911469,0.00570893287659,0.031397819519,0.0184936523438,0.0209710597992,0.153098583221,0.377201557159,3048,3042,9795,1339,3048,3042,9795,1339,242576,140568,140672
