UL_LAT_BD,2017-03-03 16:17:16.755878,2.0914542675,1.03973221779,0.058619260788,0.348081588745,0.223164558411,0.0637772083282,0.134945392609,0.119951963425,0.00769448280334,0.0416078567505,0.0250141620636,0.0309689044952,0.205784797668,0.404750823975,4097,4105,13045,1817,4097,4105,13045,1817,326248,196620,200388
UL_LAT_BD,2017-03-03 16:17:16.857897,2.09238100052,1.04013705254,0.0587573051453,0.348193407059,0.223241567612,0.0638012886047,0.13499546051,0.119984865189,0.00769734382629,0.0416250228882,0.0250241756439,0.0309689044952,0.205885887146,0.404794692993,4099,4107,13052,1818,4099,4107,13052,1818,326400,196708,200492
UL_LAT_BD,2017-03-03 16:17:16.960015,2.09326839447,1.04064559937,0.0588963031769,0.348391771317,0.223351716995,0.063839673996,0.135062456131,0.12006855011,0.00770235061646,0.0416507720947,0.0250420570374,0.0309979915619,0.205942630768,0.404837846756,4102,4110,13057,1819,4102,4110,13057,1819,326628,196840,200588
UL_LAT_BD,2017-03-03 16:17:17.061919,2.09416270256,1.04100728035,0.0589995384216,0.348509073257,0.223438739777,0.0638630390167,0.135117530823,0.120097875595,0.00770449638367,0.0416617393494,0.025053024292,0.0309979915619,0.206037759781,0.404873847961,4104,4112,13064,1820,4104,4112,13064,1820,326796,196936,200692
UL_LAT_BD,2017-03-03 16:17:17.164049,2.09513092041,1.04127883911,0.0590136051178,0.348635196686,0.223525762558,0.063887834549,0.13517165184,0.120135068893,0.00770854949951,0.04168176651,0.0250630378723,0.0309979915619,0.206123113632,0.404912948608,4106,4114,13069,1821,4106,4114,13069,1821,326948,197032,200776
DL_LAT_BD,2017-03-03 16:17:17.061919,103,0,1,0
UL_LAT_BD,2017-03-03 16:17:17.265755,2.09598135948,1.04165434837,0.0590968132019,0.348797082901,0.223649740219,0.0639231204987,0.135246515274,0.120168924332,0.00771164894104,0.0416986942291,0.0250718593597,0.0309979915619,0.206205368042,0.404954910278,4108,4116,13074,1822,4108,4116,13074,1822,327116,197148,200912
UL_LAT_BD,2017-03-03 16:17:17.367991,2.09773445129,1.04206776619,0.0592057704926,0.34899520874,0.223782777786,0.0639650821686,0.135329961777,0.120230197906,0.00771570205688,0.0417275428772,0.0250909328461,0.0309979915619,0.206266880035,0.404989004135,4111,4119,13079,1823,4111,4119,13079,1823,327360,197288,201016
UL_LAT_BD,2017-03-03 16:17:17.470020,2.09852910042,1.0423116684,0.0592198371887,0.349098205566,0.223855733871,0.0639851093292,0.13537478447,0.120259284973,0.00771760940552,0.0417385101318,0.0251009464264,0.0309979915619,0.206350803375,0.405024051666,4113,4121,13085,1824,4113,4121,13085,1824,327512,197376,201116
UL_LAT_BD,2017-03-03 16:17:17.571898,2.09951162338,1.04266858101,0.059298992157,0.349239110947,0.223949670792,0.0640137195587,0.135431528091,0.120302438736,0.00772285461426,0.0417594909668,0.0251138210297,0.0309979915619,0.206437826157,0.405066013336,4115,4123,13092,1825,4115,4123,13092,1825,327664,197464,201240
UL_LAT_BD,2017-03-03 16:17:17.673941,2.10067415237,1.04322814941,0.0594482421875,0.349498033524,0.224101781845,0.0640549659729,0.135531425476,0.120405197144,0.00772762298584,0.0417957305908,0.0251348018646,0.0310308933258,0.206537485123,0.40510892868,4118,4126,13099,1826,4118,4126,13099,1826,327908,197612,201376
UL_LAT_BD,2017-03-03 16:17:17.775822,2.10188794136,1.04352879524,0.0594751834869,0.349613189697,0.224185705185,0.0640776157379,0.135584354401,0.120432138443,0.00773072242737,0.0418064594269,0.0251429080963,0.0310308933258,0.206637859344,0.405162096024,4120,4128,13106,1827,4120,4128,13106,1827,328076,197708,201480
UL_LAT_BD,2017-03-03 16:17:17.877890,2.10293316841,1.04379487038,0.0594911575317,0.349733352661,0.224262952805,0.0641007423401,0.135631084442,0.120474100113,0.00773453712463,0.0418307781219,0.0251519680023,0.0310308933258,0.206727027893,0.405194997787,4122,4130,13112,1828,4122,4130,13112,1828,328228,197796,201580
UL_LAT_BD,2017-03-03 16:17:17.980102,2.10409283638,1.04406929016,0.0595099925995,0.349850416183,0.22433924675,0.0641229152679,0.135678052902,0.120512008667,0.00773739814758,0.041848897934,0.0251648426056,0.0310308933258,0.20682311058,0.405228853226,4124,4132,13119,1829,4124,4132,13119,1829,328380,197884,201680
DL_LAT_BD,2017-03-03 16:17:18.061928,103,0,0,0
UL_LAT_BD,2017-03-03 16:17:18.081924,2.10507321358,1.04442191124,0.0595319271088,0.350059509277,0.224461078644,0.0641603469849,0.135755300522,0.120594263077,0.00774264335632,0.0418751239777,0.0251808166504,0.0310568809509,0.206896781921,0.40526676178,4127,4135,13125,1830,4127,4135,13125,1830,328624,198040,201780
UL_LAT_BD,2017-03-03 16:17:18.184037,2.10590171814,1.0446639061,0.0595490932465,0.350175619125,0.224546909332,0.06418633461,0.135809183121,0.120622396469,0.00774693489075,0.041886806488,0.0251908302307,0.0310568809509,0.206964969635,0.405299663544,4129,4137,13130,1831,4129,4137,13130,1831,328792,198140,201880
UL_LAT_BD,2017-03-03 16:17:18.285790,2.10669112206,1.04498767853,0.0595622062683,0.350296497345,0.224627733231,0.0642123222351,0.135859251022,0.120661497116,0.00775003433228,0.0419068336487,0.0252017974854,0.0310568809509,0.207106113434,0.405343532562,4131,4139,13135,1832,4131,4139,13135,1832,328944,198228,202016
UL_LAT_BD,2017-03-03 16:17:18.387883,2.10784101486,1.04539513588,0.0595781803131,0.350549459457,0.224718570709,0.0642411708832,0.135914087296,0.120820522308,0.00775337219238,0.0419268608093,0.0252175331116,0.0311696529388,0.207189083099,0.405389547348,4133,4141,13140,1833,4133,4141,13140,1833,329096,198328,202136
UL_LAT_BD,2017-03-03 16:17:18.490104,2.108897686,1.04574108124,0.0596039295197,0.350769519806,0.224875450134,0.064284324646,0.136015892029,0.120881795883,0.00775933265686,0.0419707298279,0.0252249240875,0.0311696529388,0.207249164581,0.405422687531,4136,4144,13145,1834,4136,4144,13145,1834,329340,198480,202236
UL_LAT_BD,2017-03-03 16:17:18.591918,2.1110098362,1.04731631279,0.0609798431396,0.350880622864,0.224964618683,0.064314365387,0.136074066162,0.120899915695,0.00776219367981,0.0419807434082,0.0252270698547,0.0311696529388,0.207300186157,0.405453681946,4138,4146,13148,1835,4138,4146,13148,1835,329508,198580,202320
