UL_LAT_BD,2017-03-03 16:17:33.993942,2.28137731552,1.10315942764,0.0672795772552,0.377483129501,0.242693662643,0.0693776607513,0.14751458168,0.129359483719,0.00839376449585,0.0449447631836,0.0273876190186,0.0329477787018,0.222732543945,0.411494493484,4480,4488,14096,1986,4480,4488,14096,1986,356816,214784,218248
UL_LAT_BD,2017-03-03 16:17:34.095787,2.282320261,1.1034154892,0.0672957897186,0.377596139908,0.242767572403,0.069403886795,0.147558450699,0.129397392273,0.00839781761169,0.044962644577,0.0274007320404,0.0329477787018,0.222818374634,0.411528587341,4482,4490,14103,1987,4482,4490,14103,1987,356968,214872,218348
UL_LAT_BD,2017-03-03 16:17:34.197882,2.28351020813,1.10402154922,0.0674977302551,0.377837181091,0.242908716202,0.0694460868835,0.14764714241,0.129492521286,0.00840187072754,0.0449938774109,0.0274188518524,0.0329787731171,0.222930431366,0.411568403244,4485,4493,14110,1988,4485,4493,14110,1988,357212,215024,218468
DL_LAT_BD,2017-03-03 16:17:34.061911,103,0,0,0
UL_LAT_BD,2017-03-03 16:17:34.300102,2.28437376022,1.10435533524,0.0675995349884,0.377956151962,0.242991685867,0.0694742202759,0.147697210312,0.129526376724,0.0084056854248,0.0450141429901,0.0274276733398,0.0329787731171,0.222998142242,0.411604404449,4487,4495,14116,1989,4487,4495,14116,1989,357396,215124,218568
UL_LAT_BD,2017-03-03 16:17:34.401929,2.28514957428,1.10461616516,0.0676147937775,0.378097295761,0.243096590042,0.0695064067841,0.147763967514,0.129559278488,0.00840950012207,0.0450253486633,0.0274386405945,0.0329787731171,0.223063468933,0.411638498306,4489,4497,14121,1990,4489,4497,14121,1990,357548,215224,218668
UL_LAT_BD,2017-03-03 16:17:34.503945,2.2862200737,1.10495853424,0.0676372051239,0.378287553787,0.243227720261,0.0695457458496,0.147847890854,0.12961435318,0.00841546058655,0.0450479984283,0.0274558067322,0.0329787731171,0.223147153854,0.411674499512,4492,4500,14126,1991,4492,4500,14126,1991,357776,215356,218768
UL_LAT_BD,2017-03-03 16:17:34.605853,2.28717088699,1.10528993607,0.0676572322845,0.378430843353,0.243301868439,0.0695700645447,0.14789390564,0.129680395126,0.00841951370239,0.0450689792633,0.0274686813354,0.0330009460449,0.223255395889,0.411727428436,4494,4502,14131,1992,4494,4502,14131,1992,357928,215448,218888
UL_LAT_BD,2017-03-03 16:17:34.707897,2.28813815117,1.10559487343,0.0676772594452,0.378574848175,0.243413925171,0.0696043968201,0.147961139679,0.129711151123,0.00842237472534,0.0450801849365,0.0274806022644,0.0330009460449,0.223336458206,0.411779403687,4496,4504,14135,1993,4496,4504,14135,1993,358112,215560,218988
UL_LAT_BD,2017-03-03 16:17:34.810106,2.28888034821,1.1058447361,0.0676920413971,0.378687858582,0.243491888046,0.0696287155151,0.148010015488,0.12974524498,0.00842547416687,0.0450971126556,0.0274906158447,0.0330009460449,0.223418474197,0.411813497543,4498,4506,14140,1994,4498,4506,14140,1994,358264,215648,219092
UL_LAT_BD,2017-03-03 16:17:34.911832,2.28984022141,1.10619044304,0.0677182674408,0.378906726837,0.243613958359,0.0696637630463,0.148086071014,0.129841089249,0.00842928886414,0.045125246048,0.0275127887726,0.0330328941345,0.223480463028,0.411844491959,4501,4509,14144,1995,4501,4509,14144,1995,358492,215780,219176
UL_LAT_BD,2017-03-03 16:17:35.014008,2.29089331627,1.10668849945,0.0678770542145,0.379042625427,0.24370098114,0.0697016716003,0.148125171661,0.129887104034,0.00843405723572,0.0451505184174,0.0275278091431,0.0330328941345,0.223586320877,0.411930561066,4503,4511,14151,1996,4503,4511,14151,1996,358660,215896,219452
UL_LAT_BD,2017-03-03 16:17:35.115878,2.2918753624,1.10712099075,0.0679492950439,0.379242658615,0.243871212006,0.0697560310364,0.148225784302,0.129915952682,0.00843691825867,0.0451607704163,0.0275375843048,0.0330328941345,0.223695516586,0.411970376968,4505,4513,14159,1997,4505,4513,14159,1997,358812,216068,219572
DL_LAT_BD,2017-03-03 16:17:35.061905,103,0,0,0
UL_LAT_BD,2017-03-03 16:17:35.217893,2.29283428192,1.10756134987,0.0681052207947,0.379388570786,0.243977308273,0.0697891712189,0.148293972015,0.129951953888,0.00844287872314,0.0451798439026,0.0275444984436,0.0330328941345,0.223793506622,0.412001371384,4507,4515,14166,1998,4507,4515,14166,1998,358980,216164,219656
UL_LAT_BD,2017-03-03 16:17:35.320099,2.29410243034,1.10869693756,0.0681903362274,0.38029551506,0.244192361832,0.0698530673981,0.148432254791,0.130638837814,0.00845003128052,0.0457897186279,0.0275754928589,0.033059835434,0.223879337311,0.412050247192,4510,4518,14172,1999,4510,4518,14172,1999,359208,216296,219776
UL_LAT_BD,2017-03-03 16:17:35.421918,2.29509735107,1.10901021957,0.0682103633881,0.380449533463,0.2442882061,0.0698819160461,0.148492336273,0.130693912506,0.00845289230347,0.0458006858826,0.0276093482971,0.033059835434,0.223964929581,0.412095069885,4512,4520,14179,2000,4512,4520,14179,2000,359376,216392,219880
UL_LAT_BD,2017-03-03 16:17:35.523941,2.29609465599,1.10934901237,0.0682284832001,0.380596399307,0.244393110275,0.0699136257172,0.148555040359,0.130734920502,0.00845813751221,0.045818567276,0.027622461319,0.033059835434,0.224086999893,0.412137031555,4514,4522,14185,2001,4514,4522,14185,2001,359528,216480,219980
UL_LAT_BD,2017-03-03 16:17:35.625754,2.29706573486,1.10963988304,0.0682497024536,0.38072347641,0.24448132515,0.0699408054352,0.14860868454,0.130770683289,0.00846004486084,0.045836687088,0.0276324748993,0.033059835434,0.224181413651,0.412176132202,4516,4524,14193,2002,4516,4524,14193,2002,359696,216576,220084
UL_LAT_BD,2017-03-03 16:17:35.727883,2.29824590683,1.1102013588,0.0682809352875,0.381123304367,0.244648933411,0.0699834823608,0.148716211319,0.130994796753,0.00846600532532,0.0458807945251,0.0276584625244,0.033195734024,0.224254608154,0.412219047546,4519,4527,14200,2003,4519,4527,14200,2003,359940,216716,220184
UL_LAT_BD,2017-03-03 16:17:35.829046,2.29914975166,1.11048603058,0.0682961940765,0.38125538826,0.244745969772,0.0700173377991,0.148772478104,0.131027936935,0.00847125053406,0.0458936691284,0.0276706218719,0.033195734024,0.224328517914,0.412253141403,4521,4529,14205,2004,4521,4529,14205,2004,360092,216804,220288
UL_LAT_BD,2017-03-03 16:17:35.931820,2.30009174347,1.11077547073,0.0683150291443,0.381392240524,0.244842767715,0.0700454711914,0.14883351326,0.131066083908,0.00847554206848,0.0459125041962,0.0276827812195,0.033195734024,0.224423408508,0.412283182144,4523,4531,14212,2005,4523,4531,14212,2005,360260,216900,220372
