UL_LAT_BD,2017-03-03 16:15:48.786948,1.07312631607,0.688868522644,0.0317149162292,0.177595376968,0.114231586456,0.0315382480621,0.0660440921783,0.0608563423157,0.00377321243286,0.0219099521637,0.0129668712616,0.0160348415375,0.108932733536,0.359928369522,2148,2142,6863,942,2148,2142,6863,942,170776,98944,99076
UL_LAT_BD,2017-03-03 16:15:48.889050,1.07415008545,0.689270019531,0.031733751297,0.177856206894,0.114439487457,0.0315730571747,0.0662093162537,0.0609052181244,0.00377893447876,0.0219321250916,0.0129837989807,0.0160348415375,0.109014987946,0.359959363937,2151,2145,6870,943,2151,2145,6870,943,171004,99076,99180
UL_LAT_BD,2017-03-03 16:15:48.990933,1.07492589951,0.689555168152,0.0317485332489,0.177998304367,0.114520549774,0.031596660614,0.0662591457367,0.0609624385834,0.00378084182739,0.0219728946686,0.012993812561,0.0160348415375,0.109105348587,0.35999250412,2153,2147,6877,944,2153,2147,6877,944,171172,99172,99280
UL_LAT_BD,2017-03-03 16:15:49.092951,1.07590889931,0.689955711365,0.0318627357483,0.178160429001,0.114609479904,0.0316188335419,0.0663197040558,0.0610337257385,0.0037829875946,0.0219938755035,0.0130078792572,0.0160617828369,0.109187364578,0.360025644302,2155,2149,6885,945,2155,2149,6885,945,171324,99268,99384
UL_LAT_BD,2017-03-03 16:15:49.195004,1.0766992569,0.690261602402,0.0319335460663,0.178265333176,0.114680528641,0.0316417217255,0.0663657188416,0.0610656738281,0.00378489494324,0.0220091342926,0.0130176544189,0.0160617828369,0.109270572662,0.360065698624,2157,2151,6891,946,2157,2151,6891,946,171476,99356,99484
DL_LAT_BD,2017-03-03 16:15:49.062735,103,0,0,0
UL_LAT_BD,2017-03-03 16:15:49.296922,1.0777387619,0.690719604492,0.0320734977722,0.178467988968,0.11482834816,0.0316834449768,0.0664639472961,0.0611186027527,0.00378966331482,0.0220322608948,0.0130345821381,0.0160617828369,0.109337091446,0.360105752945,2160,2154,6897,947,2160,2154,6897,947,171720,99496,99608
UL_LAT_BD,2017-03-03 16:15:49.399073,1.07851338387,0.691109895706,0.0322155952454,0.178598165512,0.114911556244,0.0317099094391,0.0665168762207,0.0611627101898,0.00379371643066,0.0220603942871,0.0130445957184,0.0160617828369,0.109412908554,0.360138654709,2162,2156,6903,948,2162,2156,6903,948,171888,99592,99708
UL_LAT_BD,2017-03-03 16:15:49.500828,1.0797598362,0.692095994949,0.0323476791382,0.178766012192,0.114981412888,0.0317287445068,0.0665607452393,0.0612585544586,0.00379681587219,0.0221092700958,0.0130574703217,0.016087770462,0.110054254532,0.360170602798,2164,2158,6911,949,2164,2158,6911,949,172040,99680,99812
UL_LAT_BD,2017-03-03 16:15:49.602878,1.08069634438,0.69261097908,0.0325925350189,0.178900957108,0.115070343018,0.0317556858063,0.066615819931,0.0613045692444,0.00380110740662,0.0221359729767,0.0130684375763,0.016087770462,0.110146045685,0.360203742981,2166,2160,6918,950,2166,2160,6918,950,172208,99776,99912
UL_LAT_BD,2017-03-03 16:15:49.705014,1.08168077469,0.692942857742,0.0326144695282,0.179088115692,0.115203380585,0.0317912101746,0.0667016506195,0.0613577365875,0.00380611419678,0.0221636295319,0.0130825042725,0.016087770462,0.110227823257,0.360238552094,2169,2163,6925,951,2169,2163,6925,951,172436,99908,100016
UL_LAT_BD,2017-03-03 16:15:49.806944,1.08265686035,0.69330739975,0.032689332962,0.179250955582,0.115287303925,0.0318162441254,0.0667548179626,0.0614366531372,0.00380921363831,0.0221877098083,0.0130982398987,0.0161159038544,0.110309362411,0.360273599625,2171,2165,6933,952,2171,2165,6933,952,172588,99996,100116
UL_LAT_BD,2017-03-03 16:15:49.909017,1.08361792564,0.693588972092,0.0327053070068,0.179384231567,0.115380525589,0.0318417549133,0.0668108463287,0.0614755153656,0.00381302833557,0.022207736969,0.0131092071533,0.0161159038544,0.110402822495,0.36030459404,2173,2167,6941,953,2173,2167,6941,953,172756,100092,100220
UL_LAT_BD,2017-03-03 16:15:50.010832,1.08440971375,0.693872213364,0.032719373703,0.179535150528,0.115493535995,0.0318703651428,0.0668869018555,0.0615112781525,0.00381684303284,0.0222184658051,0.0131220817566,0.0161159038544,0.110483884811,0.360334634781,2175,2169,6948,954,2175,2169,6948,954,172908,100180,100320
UL_LAT_BD,2017-03-03 16:15:50.113014,1.08540153503,0.694233417511,0.0327413082123,0.179725170135,0.115629434586,0.0319058895111,0.0669758319855,0.061562538147,0.00382113456726,0.0222444534302,0.0131359100342,0.0161159038544,0.11057138443,0.360385656357,2178,2172,6956,955,2178,2172,6956,955,173152,100328,100444
DL_LAT_BD,2017-03-03 16:15:50.061970,103,0,0,0
UL_LAT_BD,2017-03-03 16:15:50.215052,1.08655190468,0.69464468956,0.0327582359314,0.179965019226,0.115716218948,0.0319318771362,0.0670299530029,0.0617136955261,0.00382423400879,0.0222673416138,0.0131509304047,0.0162198543549,0.110681295395,0.360420465469,2180,2174,6965,956,2180,2174,6965,956,173320,100424,100544
UL_LAT_BD,2017-03-03 16:15:50.316974,1.08725428581,0.694899082184,0.0327711105347,0.180090904236,0.115788221359,0.0319516658783,0.0670742988586,0.0617666244507,0.00382709503174,0.0223004817963,0.0131618976593,0.0162198543549,0.11074590683,0.360463380814,2182,2176,6971,957,2182,2176,6971,957,173472,100512,100648
UL_LAT_BD,2017-03-03 16:15:50.419053,1.08814668655,0.695224046707,0.0327908992767,0.180271863937,0.115910291672,0.0319981575012,0.0671420097351,0.0618226528168,0.00383234024048,0.0223293304443,0.0131769180298,0.0162198543549,0.110831022263,0.360494375229,2185,2179,6976,958,2185,2179,6976,958,173700,100644,100748
UL_LAT_BD,2017-03-03 16:15:50.520834,1.08897614479,0.695535182953,0.0328059196472,0.180436134338,0.115995407104,0.0320243835449,0.0671939849854,0.0618996620178,0.00383639335632,0.0223524570465,0.0131907463074,0.0162489414215,0.110909938812,0.360540390015,2187,2181,6983,959,2187,2181,6983,959,173868,100740,100852
UL_LAT_BD,2017-03-03 16:15:50.622970,1.08984279633,0.695814847946,0.0328187942505,0.180552959442,0.116077423096,0.0320541858673,0.0672390460968,0.0619316101074,0.00383830070496,0.022367477417,0.0131998062134,0.0162489414215,0.111005067825,0.360588550568,2189,2183,6990,960,2189,2183,6990,960,174020,100828,100972
UL_LAT_BD,2017-03-03 16:15:50.725067,1.09072899818,0.696109771729,0.0328340530396,0.180673837662,0.11616563797,0.0320782661438,0.0672912597656,0.0619633197784,0.00384306907654,0.0223815441132,0.0132098197937,0.0162489414215,0.111118793488,0.36062169075,2191,2185,6999,961,2191,2185,6999,961,174188,100924,101076
