DL_LAT_BD,2017-03-03 16:17:27.061816,103,0,0,0
UL_LAT_BD,2017-03-03 16:17:27.160100,2.21221733093,1.07656311989,0.065258026123,0.364689350128,0.233951330185,0.0670273303986,0.141643047333,0.125481367111,0.00810146331787,0.0436460971832,0.0263373851776,0.0321161746979,0.214216709137,0.408823251724,4328,4336,13682,1919,4328,4336,13682,1919,344720,207636,211232
UL_LAT_BD,2017-03-03 16:17:27.261815,2.2136323452,1.07750058174,0.0652792453766,0.365497350693,0.234705448151,0.0670692920685,0.1423432827,0.125531196594,0.0081102848053,0.0436654090881,0.0263531208038,0.0321161746979,0.214272737503,0.40886926651,4331,4339,13686,1920,4331,4339,13686,1920,344964,207780,211336
UL_LAT_BD,2017-03-03 16:17:27.364057,2.21438837051,1.0777964592,0.0652952194214,0.365681409836,0.234795331955,0.0670974254608,0.142399072647,0.125623226166,0.00811409950256,0.0436964035034,0.0263650417328,0.0321531295776,0.214329719543,0.408902168274,4333,4341,13691,1921,4333,4341,13691,1921,345132,207880,211436
UL_LAT_BD,2017-03-03 16:17:27.465760,2.2152197361,1.07803916931,0.065309047699,0.365788221359,0.234869241714,0.0671215057373,0.142445087433,0.125655174255,0.00811624526978,0.0437092781067,0.0263750553131,0.0321531295776,0.214409828186,0.408938169479,4335,4343,13697,1922,4335,4343,13697,1922,345284,207968,211540
UL_LAT_BD,2017-03-03 16:17:27.567888,2.21683692932,1.07838177681,0.0653240680695,0.365903377533,0.234953165054,0.0671486854553,0.142496824265,0.125685214996,0.0081193447113,0.0437202453613,0.0263850688934,0.0321531295776,0.214570999146,0.408979177475,4337,4345,13704,1923,4337,4345,13704,1923,345452,208064,211660
UL_LAT_BD,2017-03-03 16:17:27.670099,2.21769547462,1.07866096497,0.0653481483459,0.366069316864,0.235064268112,0.0671846866608,0.14256477356,0.125737190247,0.00812554359436,0.0437433719635,0.0264010429382,0.0321531295776,0.214619636536,0.40901017189,4340,4348,13708,1924,4340,4348,13708,1924,345680,208200,211744
UL_LAT_BD,2017-03-03 16:17:27.771825,2.21855330467,1.07896518707,0.0653619766235,0.366226434708,0.235153198242,0.0672099590302,0.142625570297,0.125804185867,0.00812959671021,0.0437643527985,0.0264151096344,0.0321781635284,0.214704990387,0.409051179886,4342,4350,13715,1925,4342,4350,13715,1925,345832,208292,211864
UL_LAT_BD,2017-03-03 16:17:27.874168,2.21944856644,1.07926464081,0.0653760433197,0.36638045311,0.235238313675,0.0672364234924,0.142676353455,0.125870227814,0.00813364982605,0.0437762737274,0.0264611244202,0.0321781635284,0.214791297913,0.409085273743,4344,4352,13722,1926,4344,4352,13722,1926,346000,208388,211968
UL_LAT_BD,2017-03-03 16:17:27.975883,2.22027444839,1.07956123352,0.0654530525208,0.3664894104,0.235310316086,0.0672574043274,0.142724275589,0.125904321671,0.008136510849,0.0437922477722,0.0264711380005,0.0321781635284,0.214853048325,0.409125328064,4346,4354,13727,1927,4346,4354,13727,1927,346152,208476,212088
UL_LAT_BD,2017-03-03 16:17:28.077905,2.22171616554,1.07997584343,0.0654790401459,0.366703271866,0.23543214798,0.0672965049744,0.142798423767,0.125992536545,0.00814032554626,0.0438182353973,0.026492357254,0.0322091579437,0.214972019196,0.40917134285,4349,4357,13734,1928,4349,4357,13734,1928,346396,208616,212192
UL_LAT_BD,2017-03-03 16:17:28.180110,2.22225666046,1.08013319969,0.0654921531677,0.366783618927,0.235471248627,0.0673139095306,0.142814397812,0.126032590866,0.00814342498779,0.0438389778137,0.0265035629272,0.0322091579437,0.214996099472,0.409206151962,4351,4359,13736,1929,4351,4359,13736,1929,346548,208708,212288
DL_LAT_BD,2017-03-03 16:17:28.111919,103,0,0,0
UL_LAT_BD,2017-03-03 16:17:28.281945,2.22311854362,1.08043193817,0.065526008606,0.366943597794,0.235600233078,0.0673508644104,0.1429002285,0.126061677933,0.00814723968506,0.0438499450684,0.0265135765076,0.0322091579437,0.21505188942,0.409247159958,4353,4361,13742,1930,4353,4361,13742,1930,346716,208828,212404
UL_LAT_BD,2017-03-03 16:17:28.383948,2.22401547432,1.08075547218,0.0655522346497,0.367116689682,0.235719203949,0.0673868656158,0.142972946167,0.126114606857,0.00815320014954,0.0438761711121,0.0265285968781,0.0322091579437,0.215121746063,0.409289360046,4356,4364,13748,1931,4356,4364,13748,1931,346944,208964,212524
UL_LAT_BD,2017-03-03 16:17:28.485875,2.22508788109,1.08119654655,0.0655701160431,0.367406845093,0.235832214355,0.0674345493317,0.14303278923,0.126288890839,0.00815629959106,0.04390001297,0.0265417098999,0.0323362350464,0.215188503265,0.409346342087,4358,4366,13754,1932,4358,4366,13754,1932,347112,209064,212644
UL_LAT_BD,2017-03-03 16:17:28.587895,2.22580981255,1.08139896393,0.0655841827393,0.367509841919,0.235907316208,0.0674595832825,0.143079519272,0.126313924789,0.00815916061401,0.043909072876,0.0265507698059,0.0323362350464,0.215237617493,0.409376382828,4360,4368,13758,1933,4360,4368,13758,1933,347264,209152,212724
UL_LAT_BD,2017-03-03 16:17:28.690061,2.22660088539,1.08166885376,0.0656039714813,0.367636919022,0.236000537872,0.0674865245819,0.143137454987,0.126344919205,0.00816297531128,0.0439229011536,0.0265619754791,0.0323362350464,0.215316534042,0.409415483475,4362,4370,13762,1934,4362,4370,13762,1934,347432,209252,212844
UL_LAT_BD,2017-03-03 16:17:28.791894,2.22777915001,1.08207297325,0.0656430721283,0.367881059647,0.236167430878,0.0675363540649,0.143241167068,0.126417160034,0.00816822052002,0.0439748764038,0.0265691280365,0.0323362350464,0.215394735336,0.409450531006,4365,4373,13768,1935,4365,4373,13768,1935,347676,209392,212944
UL_LAT_BD,2017-03-03 16:17:28.893940,2.22861003876,1.08232307434,0.0656847953796,0.367979049683,0.236243247986,0.0675592422485,0.143288135529,0.126437187195,0.00817131996155,0.0439858436584,0.0265710353851,0.0323362350464,0.215466737747,0.409483671188,4367,4375,13774,1936,4367,4375,13774,1936,347828,209480,213048
UL_LAT_BD,2017-03-03 16:17:28.995853,2.22935414314,1.08254003525,0.0656976699829,0.368073940277,0.236315250397,0.0675821304321,0.143330097198,0.126457214355,0.00817441940308,0.0439958572388,0.0265719890594,0.0323362350464,0.215526580811,0.40952372551,4369,4377,13780,1937,4369,4377,13780,1937,347980,209568,213148
UL_LAT_BD,2017-03-03 16:17:29.097883,2.23016905785,1.08281493187,0.0657105445862,0.368232965469,0.236418247223,0.0676324367523,0.14337682724,0.126511335373,0.00817728042603,0.0440077781677,0.0266058444977,0.0323362350464,0.215588331223,0.409558773041,4371,4379,13786,1938,4371,4379,13786,1938,348132,209656,213252
DL_LAT_BD,2017-03-03 16:17:29.061872,103,0,0,0
UL_LAT_BD,2017-03-03 16:17:29.200089,2.2311527729,1.08319401741,0.0657935142517,0.368390083313,0.23654127121,0.0676712989807,0.14345407486,0.12654042244,0.0081832408905,0.0440249443054,0.0266077518463,0.0323362350464,0.215668678284,0.409607648849,4374,4382,13792,1939,4374,4382,13792,1939,348376,209808,213352
UL_LAT_BD,2017-03-03 16:17:29.302041,2.23204445839,1.08345389366,0.0658106803894,0.368499279022,0.236628293991,0.067697763443,0.143508911133,0.126559495926,0.00818657875061,0.0440356731415,0.0266096591949,0.0323362350464,0.215759754181,0.409641504288,4376,4384,13800,1940,4376,4384,13800,1940,348544,209904,213452
