DL_LAT_BD,2017-03-03 16:17:02.062059,103,0,0,0
UL_LAT_BD,2017-03-03 16:17:02.226929,1.92373418808,0.97390794754,0.0541577339172,0.313509702682,0.19958281517,0.05624127388,0.120691299438,0.109408378601,0.00702548027039,0.0387964248657,0.0231566429138,0.0292615890503,0.191276073456,0.393967628479,3779,3773,12211,1662,3779,3773,12211,1662,300632,174304,174428
UL_LAT_BD,2017-03-03 16:17:02.329039,1.9248714447,0.97428894043,0.0541794300079,0.313697099686,0.199709177017,0.0562763214111,0.12076830864,0.109466314316,0.0070321559906,0.0388233661652,0.0231726169586,0.0292615890503,0.191375732422,0.394028663635,3782,3776,12220,1663,3782,3776,12220,1663,300860,174436,174548
UL_LAT_BD,2017-03-03 16:17:02.430868,1.92579364777,0.974568605423,0.0541944503784,0.313821077347,0.19979596138,0.0563054084778,0.120820999146,0.109500408173,0.00703525543213,0.03883934021,0.0231826305389,0.0292615890503,0.191469430923,0.394065618515,3784,3778,12228,1664,3784,3778,12228,1664,301028,174532,174652
UL_LAT_BD,2017-03-03 16:17:02.532886,1.92686390877,0.974913358688,0.0542113780975,0.314003944397,0.199885606766,0.0563304424286,0.120876789093,0.109589099884,0.00703907012939,0.0388684272766,0.023200750351,0.0292925834656,0.191570520401,0.394099712372,3786,3780,12236,1665,3786,3780,12236,1665,301180,174620,174752
UL_LAT_BD,2017-03-03 16:17:02.635047,1.92756581306,0.975186824799,0.0542273521423,0.314150810242,0.199992418289,0.0563652515411,0.120934009552,0.109626293182,0.00704145431519,0.0388853549957,0.0232117176056,0.0292925834656,0.191626548767,0.394145727158,3788,3782,12240,1666,3788,3782,12240,1666,301332,174728,174884
UL_LAT_BD,2017-03-03 16:17:02.735916,1.92863702774,0.975560665131,0.0542552471161,0.314352750778,0.200145483017,0.0564208030701,0.12101984024,0.109673261642,0.00704550743103,0.0389044284821,0.0232264995575,0.0292925834656,0.191717863083,0.39418554306,3791,3785,12247,1667,3791,3785,12247,1667,301576,174880,175000
UL_LAT_BD,2017-03-03 16:17:02.839074,1.93026208878,0.976029872894,0.0543303489685,0.314490795135,0.200243473053,0.0564465522766,0.121080160141,0.109711170197,0.00704860687256,0.0389223098755,0.0232384204865,0.0292925834656,0.191807985306,0.394339323044,3793,3787,12254,1668,3793,3787,12254,1668,301744,174976,175104
UL_LAT_BD,2017-03-03 16:17:02.941262,1.9311311245,0.97634935379,0.0543441772461,0.314643859863,0.200320482254,0.0564687252045,0.12112903595,0.109786272049,0.0070526599884,0.0389413833618,0.023252248764,0.0293247699738,0.191885709763,0.394405126572,3795,3789,12260,1669,3795,3789,12260,1669,301896,175064,175204
UL_LAT_BD,2017-03-03 16:17:03.042900,1.93204236031,0.976633787155,0.0543622970581,0.314773082733,0.20040845871,0.0564937591553,0.121184110641,0.10982632637,0.00705647468567,0.0389604568481,0.0232622623444,0.0293247699738,0.19197177887,0.394445180893,3797,3791,12267,1670,3797,3791,12267,1670,302064,175160,175328
DL_LAT_BD,2017-03-03 16:17:03.062652,103,0,0,0
UL_LAT_BD,2017-03-03 16:17:03.145008,1.93324971199,0.97700381279,0.0543873310089,0.314960479736,0.200536489487,0.0565326213837,0.121264219284,0.109883308411,0.00706148147583,0.0389845371246,0.0232810974121,0.0293247699738,0.192057609558,0.394487142563,3800,3794,12275,1671,3800,3794,12275,1671,302292,175300,175428
UL_LAT_BD,2017-03-03 16:17:03.246928,1.93443369865,0.977345943451,0.0544044971466,0.315135240555,0.200640439987,0.0565676689148,0.12132525444,0.109950304031,0.00706362724304,0.0390064716339,0.0232954025269,0.0293476581573,0.19215464592,0.39453125,3802,3796,12283,1672,3802,3796,12283,1672,302460,175412,175568
UL_LAT_BD,2017-03-03 16:17:03.349045,1.93526339531,0.977638959885,0.0544173717499,0.315286159515,0.200748443604,0.0566217899323,0.121374130249,0.109992265701,0.00706744194031,0.0390253067017,0.0233075618744,0.0293476581573,0.192233800888,0.394571304321,3804,3798,12289,1673,3804,3798,12289,1673,302612,175500,175688
UL_LAT_BD,2017-03-03 16:17:03.450847,1.93620538712,0.978738307953,0.0544333457947,0.315402269363,0.200833559036,0.0566463470459,0.121428966522,0.110021352768,0.00707054138184,0.0390362739563,0.0233163833618,0.0293476581573,0.192339420319,0.39542222023,3806,3800,12296,1674,3806,3800,12296,1674,302780,175596,175792
UL_LAT_BD,2017-03-03 16:17:03.553039,1.93726539612,0.979074239731,0.054455280304,0.315588235855,0.200965642929,0.0566926002502,0.12149977684,0.11007142067,0.00707459449768,0.0390622615814,0.0233294963837,0.0293476581573,0.192405462265,0.395472049713,3809,3803,12303,1675,3809,3803,12303,1675,303008,175748,175944
UL_LAT_BD,2017-03-03 16:17:03.655005,1.93832397461,0.979447603226,0.0544722080231,0.315782308578,0.201063394547,0.0567202568054,0.121561288834,0.110166549683,0.00707745552063,0.0390830039978,0.0233464241028,0.0293936729431,0.192517995834,0.395509004593,3811,3805,12313,1676,3811,3805,12313,1676,303176,175844,176048
UL_LAT_BD,2017-03-03 16:17:03.756924,1.93926024437,0.979746341705,0.054486989975,0.315892219543,0.201138496399,0.0567421913147,0.121604919434,0.110201358795,0.00708222389221,0.0390973091125,0.0233583450317,0.0293936729431,0.192648887634,0.39554309845,3813,3807,12320,1677,3813,3807,12320,1677,303328,175932,176148
UL_LAT_BD,2017-03-03 16:17:03.859070,1.94039201736,0.980164289474,0.0545122623444,0.316148281097,0.201282739639,0.0567874908447,0.121695041656,0.11024928093,0.00708699226379,0.039121389389,0.0233705043793,0.0293936729431,0.19273686409,0.395580053329,3816,3810,12328,1678,3816,3810,12328,1678,303572,176084,176268
UL_LAT_BD,2017-03-03 16:17:03.960933,1.94127583504,0.980541706085,0.0545859336853,0.316304206848,0.201363801956,0.0568113327026,0.121743440628,0.110323190689,0.00709128379822,0.0391433238983,0.0233855247498,0.0294206142426,0.192829847336,0.395622253418,3818,3812,12336,1679,3818,3812,12336,1679,303724,176172,176368
UL_LAT_BD,2017-03-03 16:17:04.062906,1.94302964211,0.980850458145,0.0546038150787,0.316442251205,0.201467752457,0.0568523406982,0.121797084808,0.110354185104,0.00709414482117,0.0391564369202,0.0233964920044,0.0294206142426,0.192924976349,0.395671129227,3820,3814,12344,1680,3820,3814,12344,1680,303892,176276,176492
UL_LAT_BD,2017-03-03 16:17:04.165096,1.94389176369,0.981175422668,0.0546579360962,0.316569328308,0.201561689377,0.0568823814392,0.121853113174,0.110384464264,0.0070972442627,0.0391690731049,0.0234065055847,0.0294206142426,0.193020820618,0.395710229874,3822,3816,12351,1681,3822,3816,12351,1681,304044,176380,176612
UL_LAT_BD,2017-03-03 16:17:04.266913,1.94512343407,0.981528997421,0.054682970047,0.316769361496,0.201704978943,0.056925535202,0.121942281723,0.110438346863,0.00710344314575,0.03919506073,0.0234243869781,0.0294206142426,0.193099021912,0.395750045776,3825,3819,12358,1682,3825,3819,12358,1682,304288,176528,176732
DL_LAT_BD,2017-03-03 16:17:04.062083,103,0,0,0
