UL_LAT_BD,2017-03-03 16:14:14.029050,0.024304151535,0.00409841537476,0.000303506851196,0.00188994407654,0.00126099586487,0.000361442565918,0.000815153121948,0.000595808029175,4.2200088501e-05,0.000195264816284,0.000138521194458,0.000154972076416,0.0012903213501,0.000500679016113,28,28,86,13,28,28,86,13,2224,1288,1344
UL_LAT_BD,2017-03-03 16:14:14.130908,0.0252041816711,0.00440955162048,0.000317335128784,0.00204682350159,0.00135278701782,0.000384092330933,0.000876665115356,0.00065803527832,4.52995300293e-05,0.000242233276367,0.000145673751831,0.000154972076416,0.00137972831726,0.000545740127563,30,30,94,14,30,30,94,14,2376,1384,1448
DL_LAT_BD,2017-03-03 16:14:14.061989,103,0,0,0
UL_LAT_BD,2017-03-03 16:14:14.232964,0.0261256694794,0.00468754768372,0.0003342628479,0.00217318534851,0.00145196914673,0.000416278839111,0.000935554504395,0.000684022903442,5.03063201904e-05,0.000255107879639,0.000147581100464,0.000154972076416,0.00146055221558,0.000592708587646,32,32,102,15,32,32,102,15,2544,1480,1548
UL_LAT_BD,2017-03-03 16:14:14.335118,0.0294926166534,0.00500440597534,0.0003502368927,0.00230097770691,0.00154495239258,0.000442266464233,0.0009925365448,0.000716924667358,5.6266784668e-05,0.000273466110229,0.000150442123413,0.000154972076416,0.00159168243408,0.000627756118774,34,34,110,16,34,34,110,16,2696,1568,1652
UL_LAT_BD,2017-03-03 16:14:14.436940,0.0304591655731,0.00533843040466,0.00037145614624,0.00248622894287,0.00166511535645,0.000476121902466,0.00106835365295,0.000779151916504,6.24656677246e-05,0.000288248062134,0.000186204910278,0.000154972076416,0.00167608261108,0.000659942626953,37,37,118,17,37,37,118,17,2940,1708,1752
UL_LAT_BD,2017-03-03 16:14:14.539052,0.0313563346863,0.00569033622742,0.000386476516724,0.00268626213074,0.0018322467804,0.000580310821533,0.00112414360046,0.000809907913208,6.65187835693e-05,0.000306367874146,0.000188112258911,0.000154972076416,0.00176572799683,0.000696897506714,39,39,126,18,39,39,126,18,3092,1796,1856
UL_LAT_BD,2017-03-03 16:14:14.640860,0.0322735309601,0.00596189498901,0.00040340423584,0.00280022621155,0.00191330909729,0.000603199005127,0.00117421150208,0.000839710235596,7.43865966797e-05,0.000321626663208,0.000190019607544,0.000154972076416,0.00185680389404,0.000741004943848,41,41,133,19,41,41,133,19,3244,1884,1956
UL_LAT_BD,2017-03-03 16:14:14.742889,0.0332007408142,0.00624346733093,0.000418424606323,0.00290942192078,0.00199842453003,0.000628232955933,0.00122809410095,0.000860691070557,7.62939453125e-05,0.000334501266479,0.000192165374756,0.000154972076416,0.00197219848633,0.000775098800659,43,43,139,20,43,43,139,20,3412,1980,2060
UL_LAT_BD,2017-03-03 16:14:14.845126,0.0341506004333,0.00657939910889,0.000444889068604,0.00309753417969,0.002117395401,0.000662803649902,0.00130224227905,0.000927925109863,8.24928283691e-05,0.000354528427124,0.0002281665802,0.000154972076416,0.0020477771759,0.000811100006104,46,46,146,21,46,46,146,21,3656,2120,2180
UL_LAT_BD,2017-03-03 16:14:14.946938,0.0350875854492,0.00681114196777,0.000459671020508,0.00318956375122,0.00218844413757,0.000683784484863,0.00134825706482,0.000946998596191,8.58306884766e-05,0.000365495681763,0.000229120254517,0.000154972076416,0.00213384628296,0.000842094421387,48,48,153,22,48,48,153,22,3808,2208,2284
UL_LAT_BD,2017-03-03 16:14:15.049049,0.0358624458313,0.00705504417419,0.000476360321045,0.00330543518066,0.00228118896484,0.000705718994141,0.00141143798828,0.000967741012573,8.89301300049e-05,0.000376462936401,0.000231027603149,0.000154972076416,0.00220775604248,0.000872135162354,50,50,158,23,50,50,158,23,3960,2296,2384
DL_LAT_BD,2017-03-03 16:14:15.062731,103,0,0,0
UL_LAT_BD,2017-03-03 16:14:15.150870,0.0368444919586,0.00736093521118,0.000556230545044,0.00341534614563,0.00236821174622,0.00072979927063,0.00146651268005,0.000988721847534,9.29832458496e-05,0.000388383865356,0.000232934951782,0.000154972076416,0.00228238105774,0.000906229019165,52,52,165,24,52,52,165,24,4128,2400,2488
UL_LAT_BD,2017-03-03 16:14:15.252956,0.0377945899963,0.00785517692566,0.000694274902344,0.00365328788757,0.00247526168823,0.000760316848755,0.00153255462646,0.00111770629883,9.60826873779e-05,0.000406742095947,0.000247955322266,0.000232934951782,0.00235557556152,0.000940322875977,55,55,172,25,55,55,172,25,4356,2532,2588
UL_LAT_BD,2017-03-03 16:14:15.355004,0.0386629104614,0.00814700126648,0.000711441040039,0.00380420684814,0.00255823135376,0.000785112380981,0.00158476829529,0.00118279457092,9.82284545898e-05,0.000419616699219,0.000258922576904,0.00026798248291,0.00244069099426,0.000972270965576,57,57,180,26,57,57,180,26,4524,2628,2692
UL_LAT_BD,2017-03-03 16:14:15.456942,0.0397217273712,0.00844645500183,0.000727653503418,0.00392651557922,0.00263118743896,0.000805616378784,0.00162959098816,0.0012321472168,0.000102519989014,0.000426292419434,0.000293731689453,0.00026798248291,0.0025520324707,0.0010142326355,59,59,188,27,59,59,188,27,4676,2716,2792
UL_LAT_BD,2017-03-03 16:14:15.559115,0.0406954288483,0.00882863998413,0.000813961029053,0.00409960746765,0.00276231765747,0.000841379165649,0.00171756744385,0.00127029418945,0.000106573104858,0.000435352325439,0.000310659408569,0.00026798248291,0.00262975692749,0.00104832649231,62,62,196,28,62,62,196,28,4920,2856,2896
UL_LAT_BD,2017-03-03 16:14:15.660860,0.041743516922,0.00908470153809,0.000828742980957,0.00420069694519,0.0028383731842,0.000864505767822,0.00176572799683,0.00129246711731,0.00010871887207,0.000441312789917,0.000319480895996,0.00026798248291,0.00272655487061,0.00108242034912,64,64,203,29,64,64,203,29,5072,2944,2996
UL_LAT_BD,2017-03-03 16:14:15.762961,0.0425691604614,0.00938963890076,0.000845670700073,0.00432372093201,0.00293231010437,0.000889301300049,0.00183176994324,0.00131964683533,0.000112771987915,0.000451326370239,0.000329256057739,0.00026798248291,0.00284838676453,0.00111722946167,66,66,209,30,66,66,209,30,5240,3040,3100
UL_LAT_BD,2017-03-03 16:14:15.865075,0.0434908866882,0.00967502593994,0.000859975814819,0.00446772575378,0.00300025939941,0.000909328460693,0.00187373161316,0.00139355659485,0.000114679336548,0.000471353530884,0.000342130661011,0.00029993057251,0.00292086601257,0.0011613368988,68,68,216,31,68,68,216,31,5392,3128,3220
UL_LAT_BD,2017-03-03 16:14:15.966927,0.044487953186,0.00996446609497,0.00088095664978,0.00462937355042,0.00311708450317,0.000945091247559,0.00194811820984,0.00143551826477,0.000118970870972,0.00048828125,0.000355243682861,0.00029993057251,0.00297927856445,0.00120139122009,71,71,222,32,71,71,222,32,5636,3268,3324
UL_LAT_BD,2017-03-03 16:14:16.069120,0.0455021858215,0.0102775096893,0.000897884368896,0.00473666191101,0.00318908691406,0.00096321105957,0.00199317932129,0.00146651268005,0.000123023986816,0.000503301620483,0.000365257263184,0.00029993057251,0.0031042098999,0.00125622749329,73,73,229,33,73,73,229,33,5788,3356,3428
UL_LAT_BD,2017-03-03 16:14:16.170851,0.0464565753937,0.0105876922607,0.000913858413696,0.0048987865448,0.00330805778503,0.000990390777588,0.00207781791687,0.00150656700134,0.000127077102661,0.000522375106812,0.000375270843506,0.00029993057251,0.00319218635559,0.00129127502441,75,75,237,34,75,75,237,34,5940,3452,3532
