UL_LAT_BD,2017-03-03 16:14:20.862947,0.0967216491699,0.0316474437714,0.00188589096069,0.0188729763031,0.0144937038422,0.00587916374207,0.00491070747375,0.00418210029602,0.000295639038086,0.0014476776123,0.000980854034424,0.00100111961365,0.00716042518616,0.00303244590759,180,179,564,80,180,179,564,80,14240,8240,8320
UL_LAT_BD,2017-03-03 16:14:20.965106,0.0977683067322,0.0321850776672,0.00207257270813,0.0190799236298,0.0146126747131,0.00591349601746,0.00498461723328,0.0042679309845,0.000298500061035,0.00147557258606,0.000998735427856,0.00102925300598,0.0072615146637,0.00306439399719,183,182,570,81,183,182,570,81,14484,8380,8420
UL_LAT_BD,2017-03-03 16:14:21.066946,0.0986142158508,0.0324444770813,0.00208783149719,0.0191860198975,0.0146868228912,0.00593447685242,0.00503158569336,0.00429797172546,0.00030255317688,0.0014865398407,0.0010097026825,0.00102925300598,0.00736165046692,0.003098487854,185,184,575,82,185,184,575,82,14636,8468,8524
DL_LAT_BD,2017-03-03 16:14:21.062741,103,0,0,0
UL_LAT_BD,2017-03-03 16:14:21.169054,0.0995714664459,0.0327515602112,0.00210070610046,0.0193130970001,0.0147778987885,0.00595736503601,0.0050938129425,0.0043318271637,0.000305414199829,0.00150370597839,0.00101971626282,0.00102925300598,0.00746655464172,0.00315046310425,187,186,583,83,187,186,583,83,14788,8564,8624
UL_LAT_BD,2017-03-03 16:14:21.270867,0.100444793701,0.0330379009247,0.00211572647095,0.0194609165192,0.0148596763611,0.00598120689392,0.00514578819275,0.00439453125,0.000307321548462,0.00152277946472,0.00103044509888,0.00105428695679,0.00755000114441,0.00318360328674,189,188,590,84,189,188,590,84,14956,8660,8728
UL_LAT_BD,2017-03-03 16:14:21.372948,0.101992607117,0.0333876609802,0.00216174125671,0.0196328163147,0.0149726867676,0.00601625442505,0.00521874427795,0.00444960594177,0.000311374664307,0.00154685974121,0.00105023384094,0.00105428695679,0.00763320922852,0.00322556495667,192,191,596,85,192,191,596,85,15184,8792,8828
UL_LAT_BD,2017-03-03 16:14:21.475112,0.102897882462,0.0336408615112,0.00217771530151,0.0197587013245,0.0150647163391,0.00604510307312,0.00527501106262,0.00448155403137,0.000313282012939,0.00156092643738,0.00106024742126,0.00105428695679,0.00770354270935,0.00325775146484,194,193,602,86,194,193,602,86,15352,8888,8932
UL_LAT_BD,2017-03-03 16:14:21.576944,0.104204654694,0.0339238643646,0.00219464302063,0.0198698043823,0.0151357650757,0.00606513023376,0.00531983375549,0.00451970100403,0.000315189361572,0.00157880783081,0.00107216835022,0.00105428695679,0.00780630111694,0.00330090522766,196,195,610,87,196,195,610,87,15504,8976,9052
UL_LAT_BD,2017-03-03 16:14:21.679096,0.107048749924,0.0344316959381,0.00222873687744,0.0202176570892,0.0152544975281,0.00609803199768,0.00539684295654,0.00474691390991,0.000319242477417,0.00165748596191,0.00109124183655,0.0011682510376,0.00789141654968,0.00333380699158,199,198,617,88,199,198,617,88,15748,9116,9156
UL_LAT_BD,2017-03-03 16:14:21.781308,0.10805439949,0.034698009491,0.00225758552551,0.0203306674957,0.0153374671936,0.00612139701843,0.00544762611389,0.00477600097656,0.000322103500366,0.00166845321655,0.00110125541687,0.0011682510376,0.00797581672668,0.00336694717407,201,200,624,89,201,200,624,89,15916,9212,9256
UL_LAT_BD,2017-03-03 16:14:21.882881,0.108954191208,0.0377230644226,0.00227952003479,0.0204436779022,0.0154185295105,0.00615429878235,0.00548982620239,0.00480794906616,0.000324249267578,0.00168228149414,0.00111031532288,0.0011682510376,0.0108058452606,0.00341105461121,203,202,633,90,203,202,633,90,16068,9300,9360
UL_LAT_BD,2017-03-03 16:14:21.985009,0.10990023613,0.0380556583405,0.00229573249817,0.0205955505371,0.0154995918274,0.00617933273315,0.00554084777832,0.00487589836121,0.000327110290527,0.00170207023621,0.00112318992615,0.00119304656982,0.0108966827393,0.00347709655762,205,204,641,91,205,204,641,91,16236,9396,9480
UL_LAT_BD,2017-03-03 16:14:22.086999,0.111482143402,0.0384147167206,0.00231671333313,0.0207595825195,0.0156188011169,0.00622320175171,0.00560736656189,0.00491786003113,0.000330924987793,0.0017204284668,0.00113821029663,0.00119304656982,0.0110137462616,0.00352311134338,208,207,651,92,208,207,651,92,16464,9536,9620
UL_LAT_BD,2017-03-03 16:14:22.189137,0.112206935883,0.0386393070221,0.00232863426208,0.020875453949,0.0157008171082,0.00624799728394,0.00565958023071,0.00494980812073,0.000333786010742,0.00173616409302,0.00114822387695,0.00119304656982,0.011073589325,0.00355219841003,210,209,657,93,210,209,657,93,16616,9624,9704
DL_LAT_BD,2017-03-03 16:14:22.061965,103,0,0,0
UL_LAT_BD,2017-03-03 16:14:22.290869,0.113198041916,0.0389533042908,0.00234651565552,0.0210235118866,0.0157828330994,0.00627279281616,0.00571155548096,0.00501179695129,0.000335693359375,0.00177597999573,0.00116109848022,0.00119304656982,0.011180639267,0.00358319282532,212,211,665,94,212,211,665,94,16784,9720,9808
UL_LAT_BD,2017-03-03 16:14:22.392952,0.114114999771,0.039261341095,0.00236058235168,0.0211954116821,0.0158696174622,0.00630068778992,0.00576663017273,0.00509405136108,0.000339508056641,0.00180196762085,0.00117611885071,0.0012218952179,0.0112607479095,0.00361609458923,214,213,672,95,214,213,672,95,16936,9808,9908
UL_LAT_BD,2017-03-03 16:14:22.495106,0.115082263947,0.0396413803101,0.00238370895386,0.0213882923126,0.0160114765167,0.0063464641571,0.005854845047,0.00514101982117,0.000345468521118,0.00182104110718,0.00119185447693,0.0012218952179,0.0113728046417,0.00365900993347,217,216,677,96,217,216,677,96,17196,9960,10028
DL_LAT_BD,2017-03-03 16:14:22.511986,74,0,0,0
DL_LAT_BD,2017-03-03 16:14:22.562750,74,0,0,0
UL_LAT_BD,2017-03-03 16:14:22.596942,0.116363286972,0.0399625301361,0.00239968299866,0.0215363502502,0.0161175727844,0.00638246536255,0.00591492652893,0.00518107414246,0.0003502368927,0.00184011459351,0.00120377540588,0.0012218952179,0.0114755630493,0.00370311737061,219,218,686,97,219,218,686,97,17364,10076,10188
UL_LAT_BD,2017-03-03 16:14:22.699047,0.117198705673,0.0402884483337,0.00243258476257,0.0217034816742,0.0162136554718,0.00641083717346,0.00597715377808,0.00524806976318,0.000352144241333,0.0018584728241,0.00121903419495,0.00124382972717,0.0115556716919,0.00374031066895,221,220,693,98,221,220,693,98,17564,10192,10292
UL_LAT_BD,2017-03-03 16:14:22.800865,0.118014812469,0.0405344963074,0.00244951248169,0.0218186378479,0.0162875652313,0.00643301010132,0.00602412223816,0.00528717041016,0.000355243682861,0.00187826156616,0.00122785568237,0.00124382972717,0.0116314888,0.00377130508423,223,222,700,99,223,222,700,99,17716,10280,10392
