UL_LAT_BD,2017-03-03 16:18:04.084040,2.60202217102,1.21287155151,0.0790479183197,0.429483652115,0.273985385895,0.0792601108551,0.166450738907,0.149303197861,0.0100407600403,0.0514993667603,0.0320210456848,0.037593126297,0.24831867218,0.426449775696,5149,5157,15941,2281,5149,5157,15941,2281,410060,246420,249420
UL_LAT_BD,2017-03-03 16:18:04.185760,2.60735654831,1.21317076683,0.0790729522705,0.429618835449,0.274080753326,0.0792906284332,0.16650557518,0.149342060089,0.0100436210632,0.0515184402466,0.0320329666138,0.037593126297,0.248409509659,0.426488876343,5151,5159,15945,2282,5151,5159,15945,2282,410228,246532,249536
DL_LAT_BD,2017-03-03 16:18:04.061852,103,8,0,0
UL_LAT_BD,2017-03-03 16:18:04.287942,2.60833120346,1.21344709396,0.0790867805481,0.429730892181,0.274160861969,0.0793147087097,0.166555404663,0.14937210083,0.0100479125977,0.0515322685242,0.0320410728455,0.037593126297,0.248510837555,0.426530838013,5153,5161,15951,2283,5153,5161,15951,2283,410380,246620,249640
UL_LAT_BD,2017-03-03 16:18:04.390100,2.6106274128,1.21382379532,0.0791118144989,0.429951667786,0.274322748184,0.0793716907501,0.166649341583,0.149427175522,0.0100531578064,0.0515561103821,0.0320591926575,0.037593126297,0.248560190201,0.426603794098,5156,5164,15955,2284,5156,5164,15955,2284,410624,246792,249788
UL_LAT_BD,2017-03-03 16:18:04.491816,2.61160349846,1.21413993835,0.0791268348694,0.430094718933,0.27440071106,0.0793936252594,0.166700601578,0.149492263794,0.0100562572479,0.0515720844269,0.0320739746094,0.0376162528992,0.24865436554,0.426655769348,5158,5166,15962,2285,5158,5166,15962,2285,410776,246880,249912
UL_LAT_BD,2017-03-03 16:18:04.594106,2.61657977104,1.214594841,0.0791428089142,0.430332660675,0.274607658386,0.0794677734375,0.16681432724,0.149520397186,0.010059595108,0.0515820980072,0.0320839881897,0.0376162528992,0.248738527298,0.426763772964,5160,5168,15967,2286,5160,5168,15967,2286,410944,247084,250220
UL_LAT_BD,2017-03-03 16:18:04.695874,2.61771893501,1.21500492096,0.0791571140289,0.430470705032,0.27471280098,0.0795030593872,0.166873216629,0.14955329895,0.0100636482239,0.0515968799591,0.03209400177,0.0376162528992,0.248838186264,0.426910638809,5162,5170,15975,2287,5162,5170,15975,2287,411096,247196,250396
UL_LAT_BD,2017-03-03 16:18:04.797882,2.6197552681,1.21546936035,0.0791885852814,0.430748701096,0.27486371994,0.079555273056,0.166965246201,0.149676322937,0.010068655014,0.0516250133514,0.0321509838104,0.03764128685,0.248930454254,0.426963567734,5165,5173,15984,2288,5165,5173,15984,2288,411340,247364,250564
UL_LAT_BD,2017-03-03 16:18:04.900129,2.62053155899,1.21693921089,0.0792045593262,0.432071685791,0.2755818367,0.0795893669128,0.167639493942,0.150276184082,0.0100736618042,0.0516419410706,0.0321609973907,0.03764128685,0.249001502991,0.427017450333,5167,5175,15989,2289,5167,5175,15989,2289,411508,247480,250684
UL_LAT_BD,2017-03-03 16:18:05.001940,2.62130641937,1.21718358994,0.0792198181152,0.432186841965,0.275664806366,0.0796182155609,0.167691469193,0.150304079056,0.0100779533386,0.0516526699066,0.0321700572968,0.03764128685,0.249063491821,0.427064418793,5169,5177,15994,2290,5169,5177,15994,2290,411660,247568,250784
UL_LAT_BD,2017-03-03 16:18:05.104068,2.62257814407,1.21752476692,0.0792417526245,0.432376146317,0.275799036026,0.0796635150909,0.167769670486,0.15035533905,0.0100829601288,0.0516762733459,0.0321850776672,0.03764128685,0.24914264679,0.427104473114,5172,5180,16001,2291,5172,5180,16001,2291,411888,247720,250908
DL_LAT_BD,2017-03-03 16:18:05.061856,103,0,0,0
UL_LAT_BD,2017-03-03 16:18:05.205754,2.62357902527,1.21793031693,0.0792586803436,0.432631254196,0.275907993317,0.0797016620636,0.167835474014,0.150499343872,0.0100870132446,0.051694393158,0.032201051712,0.0377404689789,0.24920964241,0.427161455154,5174,5182,16007,2292,5174,5182,16007,2292,412056,247840,251076
UL_LAT_BD,2017-03-03 16:18:05.307881,2.62439203262,1.21819806099,0.0792737007141,0.432765245438,0.276007890701,0.0797326564789,0.167897462845,0.15053153038,0.0100901126862,0.0517053604126,0.0322122573853,0.0377404689789,0.2492852211,0.427195310593,5176,5184,16013,2293,5176,5184,16013,2293,412208,247940,251176
UL_LAT_BD,2017-03-03 16:18:05.410109,2.62521266937,1.2184882164,0.0792889595032,0.432902336121,0.276109933853,0.0797648429871,0.167957544327,0.150564432144,0.0100939273834,0.0517203807831,0.0322222709656,0.0377404689789,0.249347925186,0.427263498306,5178,5186,16018,2294,5178,5186,16018,2294,412376,248048,251328
UL_LAT_BD,2017-03-03 16:18:05.511863,2.62626552582,1.2188808918,0.0793108940125,0.433118343353,0.27623796463,0.0798103809357,0.168031692505,0.150648355484,0.0100979804993,0.051744222641,0.0322411060333,0.0377674102783,0.2494328022,0.427322387695,5181,5189,16025,2295,5181,5189,16025,2295,412620,248200,251464
UL_LAT_BD,2017-03-03 16:18:05.613942,2.62725782394,1.21918201447,0.079332113266,0.433287143707,0.276359796524,0.0798480510712,0.168105602264,0.150691509247,0.0101041793823,0.051762342453,0.0322551727295,0.0377674102783,0.24947977066,0.42738032341,5183,5191,16028,2296,5183,5191,16028,2296,412772,248308,251600
UL_LAT_BD,2017-03-03 16:18:05.715878,2.62801885605,1.21945118904,0.079353094101,0.433435440063,0.276473999023,0.0798771381378,0.168182849884,0.150722503662,0.0101082324982,0.0517745018005,0.0322661399841,0.0377674102783,0.249532938004,0.42742228508,5185,5193,16031,2297,5185,5193,16031,2297,412940,248408,251700
UL_LAT_BD,2017-03-03 16:18:05.817951,2.62917518616,1.21974802017,0.0793719291687,0.433559417725,0.276549100876,0.0798988342285,0.168228626251,0.150769472122,0.0101103782654,0.0518043041229,0.0322742462158,0.0377674102783,0.249633789062,0.42746424675,5187,5195,16038,2298,5187,5195,16038,2298,413092,248496,251800
UL_LAT_BD,2017-03-03 16:18:05.920003,2.63052511215,1.22013902664,0.0794186592102,0.433784484863,0.276692152023,0.0799453258514,0.168312549591,0.150849342346,0.0101141929626,0.0518543720245,0.0322930812836,0.0377674102783,0.249698400497,0.427508115768,5190,5198,16043,2299,5190,5198,16043,2299,413336,248656,251936
UL_LAT_BD,2017-03-03 16:18:06.020756,2.63161420822,1.22044730186,0.0794379711151,0.433902740479,0.276778459549,0.0799725055695,0.16836476326,0.150879144669,0.0101170539856,0.0518655776978,0.0323030948639,0.0377674102783,0.249819278717,0.427547931671,5192,5200,16051,2300,5192,5200,16051,2300,413488,248744,252056
DL_LAT_BD,2017-03-03 16:18:06.061912,103,8,0,0
UL_LAT_BD,2017-03-03 16:18:06.124045,2.63256812096,1.22072577477,0.0794529914856,0.434022665024,0.276863336563,0.0799925327301,0.1684217453,0.150913000107,0.0101199150085,0.0518815517426,0.0323131084442,0.0377674102783,0.249912261963,0.427588939667,5194,5202,16058,2301,5194,5202,16058,2301,413640,248840,252176
UL_LAT_BD,2017-03-03 16:18:06.225866,2.63346290588,1.22101783752,0.0794668197632,0.43418264389,0.276984453201,0.0800395011902,0.168487787247,0.150949001312,0.0101249217987,0.0518984794617,0.0323243141174,0.0377674102783,0.249972343445,0.427639961243,5196,5204,16063,2302,5196,5204,16063,2302,413808,248968,252308
