UL_LAT_BD,2017-03-03 16:15:58.986947,1.19753336906,0.726233720779,0.0355515480042,0.195543766022,0.125779867172,0.0354447364807,0.0728185176849,0.0670008659363,0.00440359115601,0.0241842269897,0.014310836792,0.0172512531281,0.119228601456,0.364047527313,2375,2369,7610,1042,2375,2369,7610,1042,188764,109380,109500
UL_LAT_BD,2017-03-03 16:15:59.089049,1.19851112366,0.726516485214,0.035567522049,0.195658683777,0.125860691071,0.0354688167572,0.0728695392609,0.0670309066772,0.00440669059753,0.0241992473602,0.0143208503723,0.0172512531281,0.119331598282,0.364088535309,2377,2371,7618,1043,2377,2371,7618,1043,188932,109484,109604
DL_LAT_BD,2017-03-03 16:15:59.062737,103,0,0,0
UL_LAT_BD,2017-03-03 16:15:59.190832,1.19935917854,0.726844787598,0.0355854034424,0.195851564407,0.1259765625,0.0355298519135,0.0729203224182,0.067104101181,0.00440979003906,0.024224281311,0.0143358707428,0.0172762870789,0.119409561157,0.364120483398,2379,2373,7626,1044,2379,2373,7626,1044,189084,109572,109704
UL_LAT_BD,2017-03-03 16:15:59.292961,1.20051145554,0.727189302444,0.0356092453003,0.196014642715,0.126093864441,0.0355651378632,0.0729930400848,0.0671479701996,0.00441360473633,0.0242435932159,0.0143489837646,0.0172762870789,0.119513988495,0.364163637161,2382,2376,7635,1045,2382,2376,7635,1045,189328,109712,109828
UL_LAT_BD,2017-03-03 16:15:59.395051,1.20131111145,0.727447271347,0.0356242656708,0.196132659912,0.126175880432,0.0355899333954,0.0730431079865,0.0671820640564,0.00441670417786,0.0242595672607,0.0143570899963,0.0172762870789,0.119591236115,0.364205598831,2384,2378,7643,1046,2384,2378,7643,1046,189496,109808,109928
UL_LAT_BD,2017-03-03 16:15:59.496926,1.20221233368,0.727765083313,0.0356562137604,0.196244478226,0.126250743866,0.0356097221375,0.0730912685394,0.0672180652618,0.00442099571228,0.0242764949799,0.0143671035767,0.0172762870789,0.119696617126,0.364265441895,2386,2380,7651,1047,2386,2380,7651,1047,189648,109896,110012
UL_LAT_BD,2017-03-03 16:15:59.599053,1.20319795609,0.728103876114,0.0356771945953,0.196444511414,0.126357793808,0.0356388092041,0.0731582641602,0.0673091411591,0.00442600250244,0.0243093967438,0.0143892765045,0.0172991752625,0.119775533676,0.364298343658,2389,2383,7658,1048,2389,2383,7658,1048,189876,110028,110112
UL_LAT_BD,2017-03-03 16:15:59.700832,1.20402979851,0.728344678879,0.0356931686401,0.196554422379,0.126439571381,0.0356638431549,0.073212146759,0.0673351287842,0.00442910194397,0.0243191719055,0.0143971443176,0.0172991752625,0.119851350784,0.364331245422,2391,2385,7664,1049,2391,2385,7664,1049,190044,110124,110216
UL_LAT_BD,2017-03-03 16:15:59.803044,1.20492577553,0.728626966476,0.035706281662,0.196664571762,0.126511573792,0.0356838703156,0.0732560157776,0.0673720836639,0.0044310092926,0.0243372917175,0.0144071578979,0.0172991752625,0.119936466217,0.364396095276,2393,2387,7670,1050,2393,2387,7670,1050,190196,110212,110336
UL_LAT_BD,2017-03-03 16:15:59.905053,1.2058494091,0.729065656662,0.0357220172882,0.196947574615,0.126648426056,0.0357599258423,0.0733098983765,0.0675163269043,0.00443434715271,0.0243639945984,0.0144214630127,0.0173921585083,0.120026350021,0.364436149597,2395,2389,7677,1051,2395,2389,7677,1051,190364,110308,110440
UL_LAT_BD,2017-03-03 16:16:00.006931,1.20698881149,0.729398488998,0.0357489585876,0.19713640213,0.126788139343,0.0358004570007,0.0733981132507,0.0675623416901,0.00444054603577,0.0243856906891,0.0144352912903,0.0173921585083,0.120102643967,0.364469051361,2398,2392,7684,1052,2398,2392,7684,1052,190608,110448,110540
DL_LAT_BD,2017-03-03 16:16:00.062758,103,0,0,0
UL_LAT_BD,2017-03-03 16:16:00.109060,1.20793795586,0.729649543762,0.0357627868652,0.197247505188,0.126865148544,0.0358214378357,0.073447227478,0.0675964355469,0.00444364547729,0.0244016647339,0.0144453048706,0.0173921585083,0.120188474655,0.364502191544,2400,2394,7691,1053,2400,2394,7691,1053,190760,110544,110644
UL_LAT_BD,2017-03-03 16:16:00.210828,1.20885491371,0.729902029037,0.0357778072357,0.197363615036,0.126945257187,0.0358431339264,0.0734975337982,0.0676293373108,0.00444650650024,0.0244188308716,0.0144543647766,0.0173921585083,0.120270490646,0.364534139633,2402,2396,7699,1054,2402,2396,7699,1054,190928,110640,110744
UL_LAT_BD,2017-03-03 16:16:00.312934,1.20977020264,0.730182409286,0.0357937812805,0.197504520416,0.127017259598,0.0358653068542,0.0735442638397,0.0676963329315,0.00444960594177,0.0244369506836,0.0144662857056,0.0174221992493,0.120351076126,0.364567279816,2404,2398,7707,1055,2404,2398,7707,1055,191080,110728,110848
UL_LAT_BD,2017-03-03 16:16:00.415126,1.21102237701,0.73052740097,0.0358538627625,0.197658538818,0.127123117447,0.0358967781067,0.073611497879,0.0677404403687,0.00445461273193,0.0244567394257,0.0144801139832,0.0174221992493,0.120436906815,0.364602327347,2407,2401,7713,1056,2407,2401,7713,1056,191308,110860,110948
UL_LAT_BD,2017-03-03 16:16:00.516960,1.21222448349,0.730930566788,0.0359547138214,0.197815656662,0.127236127853,0.0359268188477,0.0736885070801,0.0677814483643,0.00445961952209,0.0244767665863,0.0144922733307,0.0174221992493,0.120536565781,0.364636421204,2409,2403,7720,1057,2409,2403,7720,1057,191460,110948,111052
UL_LAT_BD,2017-03-03 16:16:00.619051,1.21315050125,0.733822584152,0.0359694957733,0.197970628738,0.127318143845,0.035952091217,0.0737414360046,0.0678505897522,0.00446367263794,0.0244987010956,0.0145065784454,0.0174472332001,0.123201608658,0.364679336548,2411,2405,7727,1058,2411,2405,7727,1058,191628,111044,111152
UL_LAT_BD,2017-03-03 16:16:00.720812,1.2143740654,0.734211683273,0.0359842777252,0.198081731796,0.127393245697,0.0359733104706,0.0737905502319,0.0678834915161,0.00446653366089,0.0245156288147,0.0145137310028,0.0174472332001,0.123404741287,0.364732503891,2413,2407,7735,1059,2413,2407,7735,1059,191780,111132,111256
UL_LAT_BD,2017-03-03 16:16:00.822932,1.2154417038,0.734541416168,0.0360074043274,0.198260784149,0.1275203228,0.0360114574432,0.0738716125488,0.0679326057434,0.00447034835815,0.0245366096497,0.0145299434662,0.0174472332001,0.123487710953,0.364766597748,2416,2410,7743,1060,2416,2410,7743,1060,192024,111272,111356
UL_LAT_BD,2017-03-03 16:16:00.925143,1.21633934975,0.734802007675,0.0360224246979,0.198362827301,0.127588510513,0.0360305309296,0.0739147663116,0.0679655075073,0.00447225570679,0.024552822113,0.0145399570465,0.0174472332001,0.123586893082,0.364798784256,2418,2412,7751,1061,2418,2412,7751,1061,192176,111360,111460
UL_LAT_BD,2017-03-03 16:16:01.027060,1.21722483635,0.735137224197,0.0360374450684,0.198516845703,0.127672433853,0.0360555648804,0.0739657878876,0.0680346488953,0.004474401474,0.0245726108551,0.0145528316498,0.0174744129181,0.123702049255,0.364837646484,2420,2414,7759,1062,2420,2414,7759,1062,192344,111456,111560
UL_LAT_BD,2017-03-03 16:16:01.129110,1.22165226936,0.73547744751,0.036057472229,0.198686599731,0.127791404724,0.0360915660858,0.0740399360657,0.068083524704,0.00447916984558,0.0245938301086,0.0145678520203,0.0174744129181,0.123803377151,0.364876747131,2423,2417,7766,1063,2423,2417,7766,1063,192572,111596,111684
UL_LAT_BD,2017-03-03 16:16:01.230818,1.22265744209,0.735769271851,0.0360724925995,0.198801755905,0.127871513367,0.0361130237579,0.0740914344788,0.0681176185608,0.00448203086853,0.0246107578278,0.0145778656006,0.0174744129181,0.123922348022,0.364909648895,2425,2419,7773,1064,2425,2419,7773,1064,192740,111692,111784
