UL_LAT_BD,2017-03-03 16:15:08.700897,0.631888866425,0.537350654602,0.0196313858032,0.103367090225,0.0685093402863,0.0195865631104,0.040830373764,0.0333235263824,0.00219178199768,0.0113158226013,0.00768160820007,0.00863528251648,0.0681128501892,0.339713811874,1249,1246,3961,549,1249,1246,3961,549,99304,57584,57820
UL_LAT_BD,2017-03-03 16:15:08.802883,0.632970571518,0.537712812424,0.0196530818939,0.103573083878,0.0686264038086,0.0196235179901,0.0408983230591,0.0334074497223,0.00219655036926,0.0113458633423,0.00769948959351,0.00865840911865,0.0681972503662,0.339755773544,1252,1249,3969,550,1252,1249,3969,550,99532,57716,57924
UL_LAT_BD,2017-03-03 16:15:08.905138,0.633727312088,0.537968158722,0.0196678638458,0.103682279587,0.0687055587769,0.0196487903595,0.0409483909607,0.0334343910217,0.00219941139221,0.0113558769226,0.00770950317383,0.00865840911865,0.0682854652405,0.339788913727,1254,1251,3975,551,1254,1251,3975,551,99700,57812,58024
UL_LAT_BD,2017-03-03 16:15:09.006870,0.634580850601,0.538313388824,0.0196828842163,0.103833198547,0.0688116550446,0.019683599472,0.0410115718842,0.0334763526917,0.00220441818237,0.0113759040833,0.00772047042847,0.00865840911865,0.0683526992798,0.339823007584,1256,1253,3981,552,1256,1253,3981,552,99852,57900,58128
DL_LAT_BD,2017-03-03 16:15:09.062071,103,0,0,0
UL_LAT_BD,2017-03-03 16:15:09.109047,0.638125658035,0.53889966011,0.0197126865387,0.104270219803,0.0689556598663,0.019721031189,0.0411088466644,0.0337674617767,0.00220942497253,0.0114116668701,0.00773739814758,0.00888156890869,0.0684239864349,0.339860916138,1259,1256,3988,553,1259,1256,3988,553,100096,58048,58252
UL_LAT_BD,2017-03-03 16:15:09.210881,0.638987064362,0.539150238037,0.0197267532349,0.104377269745,0.0690267086029,0.0197432041168,0.0411539077759,0.033801317215,0.00221252441406,0.0114285945892,0.00774741172791,0.00888156890869,0.0685045719147,0.339900970459,1261,1258,3996,554,1261,1258,3996,554,100248,58136,58356
UL_LAT_BD,2017-03-03 16:15:09.312960,0.63990187645,0.539409637451,0.0197448730469,0.10450220108,0.0691177845001,0.0197720527649,0.0412120819092,0.0338323116302,0.00221562385559,0.0114417076111,0.00775837898254,0.00888156890869,0.0685801506042,0.339935064316,1263,1260,4003,555,1263,1260,4003,555,100416,58232,58456
UL_LAT_BD,2017-03-03 16:15:09.415054,0.640693902969,0.539670228958,0.0197598934174,0.104623317719,0.0691907405853,0.0197937488556,0.0412592887878,0.0338785648346,0.0022177696228,0.0114696025848,0.00776600837708,0.00888156890869,0.0686616897583,0.339971065521,1265,1262,4009,556,1265,1262,4009,556,100568,58320,58560
UL_LAT_BD,2017-03-03 16:15:09.516914,0.641846895218,0.540219783783,0.0197849273682,0.104827642441,0.0693089962006,0.0198271274567,0.0413329601288,0.0339608192444,0.00222277641296,0.0114984512329,0.00778269767761,0.00890469551086,0.0689332485199,0.34000992775,1268,1265,4017,557,1268,1265,4017,557,100812,58460,58680
UL_LAT_BD,2017-03-03 16:15:09.619041,0.642637491226,0.540467739105,0.0197989940643,0.1049284935,0.0693800449371,0.019847869873,0.0413773059845,0.0339887142181,0.00222563743591,0.0115087032318,0.00779271125793,0.00890469551086,0.0690128803253,0.340054750443,1270,1267,4024,558,1270,1267,4024,558,100964,58548,58784
UL_LAT_BD,2017-03-03 16:15:09.720752,0.643434286118,0.540715456009,0.0198130607605,0.105051517487,0.0694589614868,0.0198707580566,0.0414252281189,0.0340294837952,0.00222969055176,0.0115315914154,0.00780272483826,0.00890469551086,0.0690836906433,0.340087652206,1272,1269,4030,559,1272,1269,4030,559,101116,58636,58884
UL_LAT_BD,2017-03-03 16:15:09.822960,0.644228219986,0.540969610214,0.0198290348053,0.105166435242,0.069540977478,0.0198957920074,0.0414762496948,0.0340614318848,0.00223278999329,0.0115466117859,0.00781273841858,0.00890469551086,0.0691585540771,0.340128660202,1274,1271,4036,560,1274,1271,4036,560,101284,58732,58988
UL_LAT_BD,2017-03-03 16:15:09.925136,0.645297288895,0.54133939743,0.0198509693146,0.10537648201,0.0696611404419,0.0199294090271,0.0415506362915,0.0341475009918,0.00223660469055,0.0115756988525,0.0078296661377,0.0089328289032,0.0692436695099,0.340170621872,1277,1274,4044,561,1277,1274,4044,561,101528,58872,59088
UL_LAT_BD,2017-03-03 16:15:10.026946,0.646072864532,0.541694164276,0.0199649333954,0.105499744415,0.0697522163391,0.0199503898621,0.0416128635406,0.0341787338257,0.00223970413208,0.0115885734558,0.00783848762512,0.0089328289032,0.069319486618,0.34020447731,1279,1276,4051,562,1279,1276,4051,562,101680,58960,59192
UL_LAT_BD,2017-03-03 16:15:10.129045,0.64707159996,0.541955709457,0.0199809074402,0.105613708496,0.0698330402374,0.0199716091156,0.0416648387909,0.0342109203339,0.00224280357361,0.0116035938263,0.00784754753113,0.0089328289032,0.0694141387939,0.3402364254,1281,1278,4059,563,1281,1278,4059,563,101832,59056,59296
UL_LAT_BD,2017-03-03 16:15:10.230915,0.647924900055,0.542305469513,0.0199971199036,0.105847597122,0.0699238777161,0.0200004577637,0.041720867157,0.0343506336212,0.00224471092224,0.0116245746613,0.00785827636719,0.00903081893921,0.0694768428802,0.340269327164,1283,1280,4065,564,1283,1280,4065,564,102000,59152,59400
DL_LAT_BD,2017-03-03 16:15:10.062006,103,8,0,0
UL_LAT_BD,2017-03-03 16:15:10.333002,0.648955821991,0.54260468483,0.0200271606445,0.106002807617,0.0700309276581,0.0200316905975,0.0417866706848,0.0343947410583,0.0022509098053,0.0116453170776,0.00787091255188,0.00903081893921,0.069552898407,0.340297460556,1286,1283,4073,565,1286,1283,4073,565,102228,59284,59484
UL_LAT_BD,2017-03-03 16:15:10.435052,0.649806261063,0.542889356613,0.0200562477112,0.106107711792,0.0701019763947,0.0200524330139,0.0418319702148,0.0344276428223,0.00225472450256,0.0116605758667,0.0078809261322,0.00903081893921,0.0696568489075,0.34033536911,1288,1285,4082,566,1288,1285,4082,566,102380,59372,59608
UL_LAT_BD,2017-03-03 16:15:10.536916,0.650825977325,0.543190956116,0.0200710296631,0.106251716614,0.0702061653137,0.0200796127319,0.0419013500214,0.0344655513763,0.00225853919983,0.0116784572601,0.00789308547974,0.00903081893921,0.0697476863861,0.340379476547,1290,1287,4089,567,1290,1287,4089,567,102548,59468,59708
UL_LAT_BD,2017-03-03 16:15:10.639043,0.652003765106,0.543630123138,0.0200929641724,0.10654592514,0.0703103542328,0.0201091766357,0.0419664382935,0.0346517562866,0.00226187705994,0.0117082595825,0.00790929794312,0.00915884971619,0.0698292255402,0.340411424637,1293,1290,4097,568,1293,1290,4097,568,102776,59600,59812
UL_LAT_BD,2017-03-03 16:15:10.740876,0.652875423431,0.543905496597,0.0201072692871,0.106673955917,0.0703914165497,0.0201349258423,0.0420165061951,0.0346975326538,0.00226378440857,0.0117335319519,0.00792121887207,0.00915884971619,0.0699162483215,0.340447425842,1295,1292,4105,569,1295,1292,4105,569,102944,59696,59932
