UL_LAT_BD,2017-03-03 16:14:44.425102,0.363215684891,0.130677461624,0.0121417045593,0.0597176551819,0.0411329269409,0.0126206874847,0.0230498313904,0.0178005695343,0.00117301940918,0.00655198097229,0.00437521934509,0.00366640090942,0.0429937839508,0.0127069950104,709,705,2230,311,709,705,2230,311,56240,32624,32736
UL_LAT_BD,2017-03-03 16:14:44.525877,0.364083051682,0.131067276001,0.0122787952423,0.0598394870758,0.0412187576294,0.0126566886902,0.0230917930603,0.0178337097168,0.00117707252502,0.00656819343567,0.0043842792511,0.00366640090942,0.0430822372437,0.0127389431,711,707,2238,312,711,707,2238,312,56392,32712,32836
UL_LAT_BD,2017-03-03 16:14:44.629043,0.36518740654,0.132690906525,0.0134947299957,0.0600686073303,0.0413544178009,0.0126957893372,0.0231754779816,0.0179259777069,0.00118350982666,0.00659704208374,0.00440335273743,0.00369739532471,0.0431904792786,0.012797832489,714,710,2246,313,714,710,2246,313,56636,32852,32960
UL_LAT_BD,2017-03-03 16:14:44.730866,0.368496417999,0.132965087891,0.0135135650635,0.0602035522461,0.0414493083954,0.0127248764038,0.0232365131378,0.0179629325867,0.00118732452393,0.00661635398865,0.00441336631775,0.00369739532471,0.0432515144348,0.0128507614136,716,712,2252,314,716,712,2252,314,56804,32948,33060
UL_LAT_BD,2017-03-03 16:14:44.833002,0.369350910187,0.133290052414,0.0135276317596,0.0603666305542,0.0415704250336,0.0127458572388,0.0233254432678,0.0180025100708,0.00119113922119,0.00663256645203,0.00442624092102,0.00369739532471,0.0433404445648,0.012886762619,718,714,2259,315,718,714,2259,315,56956,33036,33164
UL_LAT_BD,2017-03-03 16:14:44.935133,0.370232105255,0.133619308472,0.0135486125946,0.0605289936066,0.0416605472565,0.0127708911896,0.0233809947968,0.0180723667145,0.00119495391846,0.0066876411438,0.00443410873413,0.00369739532471,0.0434477329254,0.0129177570343,720,716,2266,316,720,716,2266,316,57124,33132,33264
UL_LAT_BD,2017-03-03 16:14:45.037084,0.371404886246,0.133913516998,0.0135705471039,0.0606660842896,0.0417666435242,0.0128030776978,0.0234467983246,0.0181014537811,0.0011990070343,0.0067036151886,0.00443696975708,0.00369739532471,0.0435416698456,0.0129499435425,723,719,2275,317,723,719,2275,317,57352,33264,33368
DL_LAT_BD,2017-03-03 16:14:45.062148,103,0,0,0
UL_LAT_BD,2017-03-03 16:14:45.139041,0.372442960739,0.13424038887,0.0135884284973,0.0607907772064,0.0418646335602,0.0128309726715,0.0235080718994,0.018125295639,0.00120282173157,0.00671792030334,0.00443887710571,0.00369739532471,0.0436427593231,0.0130240917206,725,721,2283,318,725,721,2283,318,57520,33368,33508
UL_LAT_BD,2017-03-03 16:14:45.240871,0.373296260834,0.134600162506,0.0137004852295,0.0609166622162,0.0419373512268,0.0128529071808,0.0235538482666,0.0181756019592,0.00120520591736,0.0067298412323,0.00447082519531,0.00369739532471,0.0437188148499,0.013060092926,727,723,2290,319,727,723,2290,319,57672,33456,33612
UL_LAT_BD,2017-03-03 16:14:45.342954,0.374293327332,0.134863138199,0.0137143135071,0.061021566391,0.0420172214508,0.0128779411316,0.0236029624939,0.0181965827942,0.00120830535889,0.00674176216125,0.00447201728821,0.00369739532471,0.0438146591187,0.013099193573,729,725,2297,320,729,725,2297,320,57824,33544,33712
UL_LAT_BD,2017-03-03 16:14:45.445106,0.375353813171,0.135212659836,0.013735294342,0.0611872673035,0.0421450138092,0.0129160881042,0.0236818790436,0.0182313919067,0.00121259689331,0.00676155090332,0.00447487831116,0.00369739532471,0.0439066886902,0.0131320953369,732,728,2305,321,732,728,2305,321,58068,33684,33816
UL_LAT_BD,2017-03-03 16:14:45.546922,0.376240253448,0.135546445847,0.0137515068054,0.0613803863525,0.0422699451447,0.0129661560059,0.0237529277802,0.0182974338531,0.00121569633484,0.00677132606506,0.00452160835266,0.00369739532471,0.0439910888672,0.0131649971008,734,730,2313,322,734,730,2313,322,58236,33780,33916
UL_LAT_BD,2017-03-03 16:14:45.649051,0.377014636993,0.135755777359,0.0137658119202,0.0614783763885,0.0423409938812,0.0129852294922,0.0237967967987,0.0183231830597,0.0012195110321,0.00678944587708,0.00452351570129,0.00369739532471,0.0440483093262,0.0132009983063,736,732,2318,323,736,732,2318,323,58388,33868,34040
UL_LAT_BD,2017-03-03 16:14:45.750864,0.378019332886,0.136038064957,0.013787984848,0.0615973472595,0.0424370765686,0.0130093097687,0.0238618850708,0.0183432102203,0.00122141838074,0.00680160522461,0.00452446937561,0.00369739532471,0.0441505908966,0.0132310390472,738,734,2325,324,738,734,2325,324,58556,33964,34124
UL_LAT_BD,2017-03-03 16:14:45.853001,0.378893613815,0.136322975159,0.0138111114502,0.0617563724518,0.0425641536713,0.0130422115326,0.0239491462708,0.018372297287,0.0012264251709,0.00681853294373,0.00452756881714,0.00369739532471,0.0442163944244,0.0132632255554,741,737,2331,325,741,737,2331,325,58784,34088,34224
UL_LAT_BD,2017-03-03 16:14:45.955006,0.379777431488,0.136599779129,0.0138249397278,0.0618884563446,0.0426371097565,0.013062953949,0.0239942073822,0.0184290409088,0.00122928619385,0.00682854652405,0.00454139709473,0.00372219085693,0.0443003177643,0.013304233551,743,739,2338,326,743,739,2338,326,58936,34176,34324
UL_LAT_BD,2017-03-03 16:14:46.056818,0.382090568542,0.136944532394,0.013840675354,0.0620563030243,0.0427191257477,0.0130846500397,0.0240461826324,0.0185120105743,0.00123429298401,0.00684475898743,0.00455355644226,0.00376510620117,0.0444195270538,0.0133371353149,745,741,2346,327,745,741,2346,327,59104,34272,34428
UL_LAT_BD,2017-03-03 16:14:46.159053,0.383347511292,0.13737487793,0.0138638019562,0.0623002052307,0.042867898941,0.0131406784058,0.0241310596466,0.0186049938202,0.00123953819275,0.00685691833496,0.00462031364441,0.00376510620117,0.0445289611816,0.0133759975433,748,744,2354,328,748,744,2354,328,59348,34420,34568
UL_LAT_BD,2017-03-03 16:14:46.260912,0.384257316589,0.137603759766,0.0138795375824,0.0624091625214,0.0429468154907,0.0131659507751,0.024181842804,0.0186328887939,0.0012423992157,0.0068678855896,0.00463032722473,0.00376510620117,0.0445954799652,0.0134079456329,750,746,2361,329,750,746,2361,329,59500,34508,34668
DL_LAT_BD,2017-03-03 16:14:46.061956,103,0,0,0
UL_LAT_BD,2017-03-03 16:14:46.362951,0.385152578354,0.137893676758,0.0138943195343,0.0625162124634,0.0430278778076,0.013190984726,0.0242340564728,0.0186569690704,0.00124549865723,0.00687384605408,0.00464034080505,0.00376510620117,0.0446846485138,0.0134501457214,752,748,2370,330,752,748,2370,330,59668,34604,34772
UL_LAT_BD,2017-03-03 16:14:46.465060,0.385941982269,0.138153076172,0.0139074325562,0.062652349472,0.0431017875671,0.0132098197937,0.02427983284,0.0187172889709,0.00124883651733,0.00688862800598,0.0046534538269,0.00378704071045,0.0447504520416,0.0134832859039,754,750,2376,331,754,750,2376,331,59820,34692,34872
