DL_LAT_BD,2017-03-03 16:14:16.062009,103,0,0,0
UL_LAT_BD,2017-03-03 16:14:16.272962,0.0472955703735,0.0109167098999,0.000931978225708,0.00507068634033,0.00340008735657,0.00101852416992,0.00213479995728,0.00158643722534,0.000130891799927,0.000547409057617,0.000391244888306,0.000327825546265,0.00325703620911,0.00135540962219,77,77,243,35,77,77,243,35,6108,3548,3632
UL_LAT_BD,2017-03-03 16:14:16.375106,0.048269033432,0.0112705230713,0.000957012176514,0.00526976585388,0.00354981422424,0.00105333328247,0.0022406578064,0.00163125991821,0.000133991241455,0.000564575195312,0.000406265258789,0.000327825546265,0.00334286689758,0.00139045715332,80,80,251,36,80,80,251,36,6352,3688,3736
UL_LAT_BD,2017-03-03 16:14:16.476904,0.049311876297,0.011536359787,0.000974178314209,0.00539970397949,0.00364875793457,0.00109028816223,0.00230169296265,0.00166034698486,0.000135898590088,0.0005784034729,0.000413417816162,0.000327825546265,0.003422498703,0.00142335891724,82,82,260,37,82,82,260,37,6504,3776,3836
UL_LAT_BD,2017-03-03 16:14:16.579078,0.0502398014069,0.0119469165802,0.000990390777588,0.00566267967224,0.00374960899353,0.00111818313599,0.00236487388611,0.00182008743286,0.000138759613037,0.00060248374939,0.000429391860962,0.000436782836914,0.00351405143738,0.00145554542542,84,84,267,38,84,84,267,38,6672,3876,3936
UL_LAT_BD,2017-03-03 16:14:16.680877,0.051177740097,0.0122039318085,0.0010085105896,0.00576829910278,0.00382542610168,0.00113940238953,0.00241279602051,0.00184893608093,0.000141620635986,0.000616550445557,0.000437259674072,0.000436782836914,0.00359916687012,0.00149655342102,86,86,275,39,86,86,275,39,6824,3964,4036
UL_LAT_BD,2017-03-03 16:14:16.782986,0.0522086620331,0.0157444477081,0.00103139877319,0.00914812088013,0.00714540481567,0.00119757652283,0.002516746521,0.00190377235413,0.000150442123413,0.000639677047729,0.000454187393188,0.000436782836914,0.00368809700012,0.00153064727783,89,89,283,40,89,89,283,40,7068,4104,4140
UL_LAT_BD,2017-03-03 16:14:16.884300,0.0531260967255,0.0160489082336,0.00104951858521,0.00928616523743,0.0072455406189,0.00122785568237,0.00257897377014,0.00193881988525,0.000155448913574,0.000656604766846,0.000465393066406,0.000436782836914,0.00377869606018,0.0015766620636,92,91,291,41,92,91,291,41,7280,4200,4260
UL_LAT_BD,2017-03-03 16:14:16.986822,0.0538883209229,0.0163519382477,0.00106287002563,0.00947308540344,0.00730443000793,0.00124382972717,0.0026159286499,0.0020637512207,0.000158309936523,0.000674724578857,0.000478267669678,0.000523805618286,0.00384569168091,0.00160455703735,94,93,297,42,94,93,297,42,7416,4280,4344
UL_LAT_BD,2017-03-03 16:14:17.089178,0.0550096035004,0.0167653560638,0.00114679336548,0.00966715812683,0.00744652748108,0.0012948513031,0.00269603729248,0.0021116733551,0.000163555145264,0.000693559646606,0.000494480133057,0.000523805618286,0.00392389297485,0.00165152549744,97,96,303,43,97,96,303,43,7660,4428,4448
DL_LAT_BD,2017-03-03 16:14:17.062740,103,0,0,0
UL_LAT_BD,2017-03-03 16:14:17.190856,0.056049823761,0.0170686244965,0.00116467475891,0.00982332229614,0.00756454467773,0.00133419036865,0.00276708602905,0.00214982032776,0.000167846679688,0.000711679458618,0.000505208969116,0.000523805618286,0.00400996208191,0.00168752670288,99,98,311,44,99,98,311,44,7812,4516,4552
UL_LAT_BD,2017-03-03 16:14:17.292962,0.0569226741791,0.0173850059509,0.00118374824524,0.0100064277649,0.0076584815979,0.00136423110962,0.00282502174377,0.00223708152771,0.000172138214111,0.000733375549316,0.0005202293396,0.000562906265259,0.00408387184143,0.00171947479248,101,100,317,45,101,100,317,45,7980,4612,4652
UL_LAT_BD,2017-03-03 16:14:17.395107,0.0577886104584,0.0176212787628,0.00119757652283,0.0101113319397,0.00772953033447,0.0013861656189,0.00286889076233,0.00227093696594,0.000174045562744,0.000749349594116,0.000530242919922,0.000562906265259,0.00415873527527,0.0017523765564,103,102,324,46,103,102,324,46,8132,4700,4756
UL_LAT_BD,2017-03-03 16:14:17.496933,0.058878660202,0.0179665088654,0.0012195110321,0.0102958679199,0.00786662101746,0.00142025947571,0.00295805931091,0.00231409072876,0.000178575515747,0.00076699256897,0.000544309616089,0.000562906265259,0.00425267219543,0.00178527832031,106,105,333,47,106,105,333,47,8376,4840,4856
UL_LAT_BD,2017-03-03 16:14:17.599051,0.0599102973938,0.0183036327362,0.00123739242554,0.0104467868805,0.00794959068298,0.00144648551941,0.00300979614258,0.00237989425659,0.000182390213013,0.000814199447632,0.000555276870728,0.000562906265259,0.00434517860413,0.00185108184814,108,107,339,48,108,107,339,48,8528,4928,4960
UL_LAT_BD,2017-03-03 16:14:17.700877,0.0607273578644,0.0186166763306,0.00125217437744,0.0106327533722,0.00802254676819,0.00146770477295,0.00305652618408,0.00249099731445,0.000184297561646,0.00083589553833,0.000567674636841,0.00062894821167,0.00441741943359,0.00188302993774,110,109,345,49,110,109,345,49,8680,5016,5060
UL_LAT_BD,2017-03-03 16:14:17.802962,0.0618529319763,0.018896818161,0.00126814842224,0.010746717453,0.00810670852661,0.00149202346802,0.00311064720154,0.00251889228821,0.000188112258911,0.000847101211548,0.000576734542847,0.00062894821167,0.00452446937561,0.00191712379456,112,111,353,50,112,111,353,50,8848,5112,5164
UL_LAT_BD,2017-03-03 16:14:17.905160,0.0628428459167,0.0192303657532,0.00130677223206,0.0109217166901,0.00823044776917,0.00153088569641,0.00318336486816,0.00256586074829,0.000191211700439,0.000869750976562,0.000590562820435,0.00062894821167,0.00459957122803,0.001953125,115,114,360,51,115,114,360,51,9092,5252,5284
UL_LAT_BD,2017-03-03 16:14:18.006952,0.063768863678,0.0195260047913,0.00132060050964,0.0110676288605,0.00830054283142,0.00155377388,0.0032274723053,0.00264072418213,0.000194072723389,0.000893831253052,0.00060248374939,0.000659942626953,0.00467562675476,0.00200796127319,117,116,367,52,117,116,367,52,9244,5340,5388
DL_LAT_BD,2017-03-03 16:14:18.062014,103,0,0,0
UL_LAT_BD,2017-03-03 16:14:18.109049,0.0647563934326,0.0198068618774,0.00134086608887,0.0111865997314,0.008380651474,0.00157880783081,0.00327658653259,0.00267767906189,0.000197887420654,0.00091290473938,0.000613689422607,0.000659942626953,0.00477647781372,0.00203990936279,119,118,375,53,119,118,375,53,9396,5436,5492
UL_LAT_BD,2017-03-03 16:14:18.210862,0.0656397342682,0.0201070308685,0.00135898590088,0.0113346576691,0.00849676132202,0.00161528587341,0.0033495426178,0.00270771980286,0.000202178955078,0.000923871994019,0.000622749328613,0.000659942626953,0.00486755371094,0.00207281112671,121,120,383,54,121,120,383,54,9564,5532,5596
UL_LAT_BD,2017-03-03 16:14:18.312954,0.0666191577911,0.0240161418915,0.00138092041016,0.0150916576385,0.0121908187866,0.00521326065063,0.00343608856201,0.00276660919189,0.000210285186768,0.000951051712036,0.000638723373413,0.000659942626953,0.00494456291199,0.00211381912231,124,123,389,55,124,123,389,55,9792,5664,5696
UL_LAT_BD,2017-03-03 16:14:18.415111,0.0674686431885,0.0243096351624,0.00139594078064,0.0152523517609,0.0122756958008,0.00523853302002,0.00348973274231,0.00283861160278,0.000215291976929,0.000972986221313,0.000651836395264,0.000684976577759,0.00502157211304,0.00214791297913,126,125,396,56,126,125,396,56,9960,5760,5800
UL_LAT_BD,2017-03-03 16:14:18.516979,0.0682892799377,0.0245544910431,0.00140881538391,0.0153594017029,0.0123448371887,0.00525832176208,0.00353264808655,0.00287270545959,0.000219345092773,0.000986814498901,0.000661611557007,0.000684976577759,0.00509476661682,0.00218796730042,128,127,403,57,128,127,403,57,10112,5848,5900
UL_LAT_BD,2017-03-03 16:14:18.619044,0.069403886795,0.0248806476593,0.00142955780029,0.0155272483826,0.0124616622925,0.00529313087463,0.00360465049744,0.00292181968689,0.000222206115723,0.00100874900818,0.000674486160278,0.000684976577759,0.00519132614136,0.00221800804138,131,130,410,58,131,130,410,58,10356,5988,6004
