UL_LAT_BD,2017-03-03 16:16:25.200801,1.47848725319,0.828387498856,0.0434565544128,0.246017694473,0.159413814545,0.0433850288391,0.0964002609253,0.0830814838409,0.00542783737183,0.0305459499359,0.0179843902588,0.020693063736,0.149147987366,0.375331163406,2957,2951,9504,1299,2957,2951,9504,1299,235356,136380,136524
DL_LAT_BD,2017-03-03 16:16:25.062742,103,0,0,0
UL_LAT_BD,2017-03-03 16:16:25.302958,1.47987413406,0.828732013702,0.0434794425964,0.246189594269,0.159535884857,0.0434226989746,0.0964770317078,0.0831274986267,0.00543189048767,0.0305681228638,0.017998456955,0.020693063736,0.149248838425,0.375370025635,2960,2954,9512,1300,2960,2954,9512,1300,235600,136520,136624
UL_LAT_BD,2017-03-03 16:16:25.405034,1.48085236549,0.829173803329,0.0434944629669,0.246480464935,0.159789562225,0.0434966087341,0.0966510772705,0.0831615924835,0.00543594360352,0.0305852890015,0.0180082321167,0.020693063736,0.149340867996,0.375404119492,2962,2956,9520,1301,2962,2956,9520,1301,235752,136608,136728
UL_LAT_BD,2017-03-03 16:16:25.506964,1.48418736458,0.829615831375,0.0435073375702,0.246686697006,0.15990281105,0.0435197353363,0.0967350006104,0.0832505226135,0.0054407119751,0.0306153297424,0.0180230140686,0.0207271575928,0.149520635605,0.375437259674,2964,2958,9527,1302,2964,2958,9527,1302,235904,136696,136828
UL_LAT_BD,2017-03-03 16:16:25.609045,1.48520255089,0.831144094467,0.0435352325439,0.248045682907,0.161208868027,0.0447270870209,0.0968239307404,0.0832977294922,0.00544691085815,0.0306353569031,0.0180380344391,0.0207271575928,0.149604558945,0.37548828125,2967,2961,9534,1303,2967,2961,9534,1303,236148,136836,136932
UL_LAT_BD,2017-03-03 16:16:25.710885,1.48612070084,0.831435680389,0.0435483455658,0.248194694519,0.161315917969,0.0447528362274,0.0968956947327,0.0833396911621,0.00544905662537,0.030656337738,0.018049955368,0.0207271575928,0.149690151215,0.375524282455,2969,2963,9541,1304,2969,2963,9541,1304,236300,136924,137032
UL_LAT_BD,2017-03-03 16:16:25.812909,1.48717856407,0.83182477951,0.043564081192,0.248422861099,0.161398887634,0.0447788238525,0.0969505310059,0.0834817886353,0.00545215606689,0.0306782722473,0.0180640220642,0.0208241939545,0.149780273438,0.375570297241,2971,2965,9548,1305,2971,2965,9548,1305,236468,137020,137136
UL_LAT_BD,2017-03-03 16:16:25.915041,1.48821806908,0.83216047287,0.0435779094696,0.248572587967,0.161505699158,0.0448045730591,0.0970227718353,0.0835227966309,0.00545620918274,0.0306992530823,0.0180749893188,0.0208241939545,0.149891376495,0.375622272491,2973,2967,9555,1306,2973,2967,9555,1306,236620,137108,137236
UL_LAT_BD,2017-03-03 16:16:26.015817,1.48957443237,0.832796812057,0.0435998439789,0.24875497818,0.161644220352,0.0448579788208,0.0970962047577,0.0835645198822,0.00546193122864,0.0307195186615,0.0180878639221,0.0208241939545,0.149980068207,0.375955343246,2976,2970,9564,1307,2976,2970,9564,1307,236864,137248,137340
UL_LAT_BD,2017-03-03 16:16:26.118992,1.49055790901,0.833096981049,0.0436136722565,0.248878002167,0.161726236343,0.0448842048645,0.0971462726593,0.0836045742035,0.00546503067017,0.0307383537292,0.0180988311768,0.0208241939545,0.150095462799,0.375993251801,2978,2972,9572,1308,2978,2972,9572,1308,237016,137344,137464
DL_LAT_BD,2017-03-03 16:16:26.062093,103,0,0,0
UL_LAT_BD,2017-03-03 16:16:26.220839,1.49139738083,0.833410263062,0.0436289310455,0.249033927917,0.161814212799,0.0449090003967,0.0972013473511,0.083669424057,0.00546813011169,0.0307583808899,0.0181136131287,0.020848274231,0.150193452835,0.37602519989,2980,2974,9580,1309,2980,2974,9580,1309,237184,137440,137568
UL_LAT_BD,2017-03-03 16:16:26.322990,1.49229550362,0.833700418472,0.0436441898346,0.249156951904,0.161894321442,0.0449318885803,0.0972495079041,0.0837104320526,0.00547504425049,0.0307765007019,0.018123626709,0.020848274231,0.150299787521,0.376060247421,2982,2976,9587,1310,2982,2976,9587,1310,237336,137528,137668
UL_LAT_BD,2017-03-03 16:16:26.425147,1.49338650703,0.8341152668,0.0436661243439,0.249415874481,0.162094116211,0.0449681282043,0.0973997116089,0.0837655067444,0.00548148155212,0.0308034420013,0.0181405544281,0.020848274231,0.150389909744,0.376094341278,2985,2979,9594,1311,2985,2979,9594,1311,237564,137660,137772
UL_LAT_BD,2017-03-03 16:16:26.526921,1.49443483353,0.834503173828,0.0436902046204,0.249574899673,0.162180185318,0.0449950695038,0.0974535942078,0.0838372707367,0.00548434257507,0.0308258533478,0.0181543827057,0.0208742618561,0.150491952896,0.376128196716,2987,2981,9602,1312,2987,2981,9602,1312,237732,137756,137872
UL_LAT_BD,2017-03-03 16:16:26.629057,1.49840569496,0.834907054901,0.0437090396881,0.249830007553,0.162270307541,0.0450260639191,0.0975067615509,0.0840013027191,0.00560736656189,0.0308477878571,0.0181653499603,0.0208742618561,0.150572299957,0.376168251038,2989,2983,9609,1313,2989,2983,9609,1313,237884,137844,137996
UL_LAT_BD,2017-03-03 16:16:26.730831,1.49935460091,0.835193157196,0.0437450408936,0.249946832657,0.162356376648,0.0450530052185,0.0975589752197,0.0840291976929,0.00560927391052,0.030859708786,0.0181753635406,0.0208742618561,0.15065908432,0.376207351685,2991,2985,9616,1314,2991,2985,9616,1314,238052,137940,138096
UL_LAT_BD,2017-03-03 16:16:26.831920,1.50046205521,0.83598446846,0.0437669754028,0.250587701797,0.162939310074,0.0454120635986,0.0976459980011,0.0840830802917,0.00561499595642,0.0308849811554,0.0181913375854,0.0208742618561,0.150729417801,0.37625336647,2994,2988,9623,1315,2994,2988,9623,1315,238296,138080,138200
UL_LAT_BD,2017-03-03 16:16:26.935204,1.50151801109,0.83651137352,0.0439600944519,0.250754594803,0.163022279739,0.0454380512238,0.0976960659027,0.0841648578644,0.00561785697937,0.030905008316,0.0182063579559,0.0209121704102,0.150817632675,0.376323223114,2996,2990,9630,1316,2996,2990,9630,1316,238448,138168,138300
UL_LAT_BD,2017-03-03 16:16:27.036931,1.50253558159,0.837011098862,0.0441181659698,0.250912666321,0.163123369217,0.0454659461975,0.0977642536163,0.0842187404633,0.00562167167664,0.0309398174286,0.0182175636292,0.0209121704102,0.150957107544,0.376357316971,2998,2992,9639,1317,2998,2992,9639,1317,238600,138256,138404
DL_LAT_BD,2017-03-03 16:16:27.062748,103,0,0,0
UL_LAT_BD,2017-03-03 16:16:27.139061,1.50356221199,0.837475538254,0.0441410541534,0.251096248627,0.163245201111,0.0455033779144,0.0978407859802,0.0842785835266,0.0056254863739,0.030974149704,0.0182325839996,0.0209121704102,0.151046991348,0.376390218735,3001,2995,9646,1318,3001,2995,9646,1318,238844,138404,138504
