UL_LAT_BD,2017-03-03 16:16:37.440752,1.62039351463,0.880414009094,0.0479590892792,0.270387887955,0.173697948456,0.0485134124756,0.104406833649,0.0928845405579,0.00603461265564,0.0333909988403,0.0195758342743,0.0247189998627,0.160947322845,0.382863044739,3229,3223,10397,1419,3229,3223,10397,1419,256924,148892,148988
UL_LAT_BD,2017-03-03 16:16:37.542970,1.62143826485,0.880786657333,0.0479834079742,0.270616054535,0.173833847046,0.0485563278198,0.104492902756,0.0929718017578,0.00604200363159,0.0334520339966,0.0195889472961,0.0247189998627,0.161018371582,0.382901191711,3232,3226,10403,1420,3232,3226,10403,1420,257168,149032,149108
UL_LAT_BD,2017-03-03 16:16:37.645033,1.62246775627,0.88108253479,0.047999382019,0.270729064941,0.173921823502,0.0485835075378,0.104546785355,0.0929934978485,0.00604486465454,0.0334661006927,0.0195908546448,0.0247189998627,0.161130189896,0.382948160172,3234,3228,10412,1421,3234,3228,10412,1421,257336,149128,149212
UL_LAT_BD,2017-03-03 16:16:37.747033,1.62332725525,0.88138961792,0.0480132102966,0.270841121674,0.174010753632,0.0486187934875,0.104593753815,0.0930144786835,0.00604677200317,0.0334782600403,0.0195927619934,0.0247189998627,0.161269187927,0.382981300354,3236,3230,10419,1422,3236,3230,10419,1422,257488,149216,149312
UL_LAT_BD,2017-03-03 16:16:37.849039,1.62438201904,0.88437128067,0.0480399131775,0.27102637291,0.174129724503,0.0486545562744,0.104669809341,0.0930798053741,0.0060510635376,0.0334930419922,0.0196306705475,0.0247189998627,0.163982868195,0.383025407791,3239,3233,10426,1423,3239,3233,10426,1423,257732,149356,149416
UL_LAT_BD,2017-03-03 16:16:37.950889,1.62528467178,0.884650945663,0.0480530261993,0.271126508713,0.174203872681,0.0486776828766,0.104714632034,0.0931038856506,0.00605511665344,0.0335080623627,0.0196325778961,0.0247189998627,0.164091110229,0.383073568344,3241,3235,10434,1424,3241,3235,10434,1424,257884,149444,149516
UL_LAT_BD,2017-03-03 16:16:38.052966,1.62625670433,0.884924888611,0.0480680465698,0.271250247955,0.174299716949,0.0487072467804,0.10477399826,0.0931289196014,0.00605797767639,0.0335221290588,0.0196354389191,0.0247189998627,0.164173841476,0.383117675781,3243,3237,10441,1425,3243,3237,10441,1425,258052,149540,149640
UL_LAT_BD,2017-03-03 16:16:38.155030,1.62980461121,0.88533449173,0.0481472015381,0.271349191666,0.174375534058,0.0487310886383,0.104820966721,0.0931489467621,0.00606226921082,0.0335330963135,0.0196373462677,0.0247189998627,0.164360284805,0.383152723312,3245,3239,10448,1426,3245,3239,10448,1426,258204,149636,149740
DL_LAT_BD,2017-03-03 16:16:38.062149,103,0,0,0
UL_LAT_BD,2017-03-03 16:16:38.256917,1.6307849884,0.885704755783,0.0481696128845,0.271553277969,0.174509525299,0.0487680435181,0.104906797409,0.0932149887085,0.00606608390808,0.0335552692413,0.0196712017059,0.0247189998627,0.164439439774,0.383206605911,3248,3242,10456,1427,3248,3242,10456,1427,258448,149776,149844
UL_LAT_BD,2017-03-03 16:16:38.359152,1.6316883564,0.885944366455,0.0481834411621,0.271650314331,0.174584627151,0.0487887859344,0.104955673218,0.0932350158691,0.00606894493103,0.0335674285889,0.0196743011475,0.0247189998627,0.164521932602,0.383242607117,3250,3244,10463,1428,3250,3244,10463,1428,258600,149864,149944
UL_LAT_BD,2017-03-03 16:16:38.460856,1.63261532784,0.886234283447,0.0481984615326,0.271745204926,0.174657344818,0.0488104820251,0.105000734329,0.0932550430298,0.00607085227966,0.0335786342621,0.0196762084961,0.0247189998627,0.164614439011,0.383319616318,3252,3246,10472,1429,3252,3246,10472,1429,258752,149952,150028
UL_LAT_BD,2017-03-03 16:16:38.562972,1.63426303864,0.886590242386,0.0482141971588,0.271863222122,0.174743413925,0.0488352775574,0.105053663254,0.0932850837708,0.00607299804688,0.0335965156555,0.019679069519,0.0247189998627,0.164684295654,0.383464574814,3254,3248,10478,1430,3254,3248,10478,1430,258920,150048,150148
UL_LAT_BD,2017-03-03 16:16:38.665018,1.63547825813,0.887083530426,0.048238992691,0.272174119949,0.17488360405,0.0488767623901,0.105142116547,0.0934529304504,0.0060772895813,0.0336208343506,0.0197100639343,0.0248098373413,0.164794921875,0.383500576019,3257,3251,10486,1431,3257,3251,10486,1431,259148,150180,150252
UL_LAT_BD,2017-03-03 16:16:38.766950,1.63650131226,0.887452125549,0.0482540130615,0.272358179092,0.174976587296,0.0488998889923,0.105206251144,0.093542098999,0.00608229637146,0.033634185791,0.019748210907,0.0248358249664,0.164906978607,0.383546590805,3259,3253,10495,1432,3259,3253,10495,1432,259300,150268,150352
UL_LAT_BD,2017-03-03 16:16:38.869067,1.63786888123,0.887721538544,0.0482759475708,0.27246928215,0.175060749054,0.0489239692688,0.105259418488,0.0935661792755,0.00608444213867,0.0336401462555,0.0197579860687,0.0248358249664,0.164997339249,0.38358259201,3261,3255,10502,1433,3261,3255,10502,1433,259468,150364,150456
UL_LAT_BD,2017-03-03 16:16:38.970784,1.63874793053,0.888007640839,0.0483522415161,0.272570133209,0.175136566162,0.048948764801,0.10530424118,0.0935893058777,0.0060875415802,0.0336470603943,0.019767999649,0.0248358249664,0.165068149567,0.383614778519,3263,3257,10508,1434,3263,3257,10508,1434,259620,150452,150556
DL_LAT_BD,2017-03-03 16:16:39.062715,103,0,0,0
UL_LAT_BD,2017-03-03 16:16:39.072975,1.63999676704,0.888333559036,0.0483772754669,0.272738933563,0.175261497498,0.0489876270294,0.105384111404,0.093629360199,0.00609159469604,0.0336620807648,0.0197820663452,0.0248358249664,0.165156364441,0.383653879166,3266,3260,10515,1435,3266,3260,10515,1435,259864,150600,150680
UL_LAT_BD,2017-03-03 16:16:39.175021,1.64202857018,0.888879060745,0.0483958721161,0.273127794266,0.175366401672,0.0490205287933,0.105450153351,0.0939114093781,0.00609588623047,0.0336887836456,0.01979637146,0.0250668525696,0.165245056152,0.383692741394,3268,3262,10523,1436,3268,3262,10523,1436,260032,150696,150780
UL_LAT_BD,2017-03-03 16:16:39.276917,1.64295244217,0.889143705368,0.0484108924866,0.273248910904,0.175438642502,0.0490417480469,0.105494260788,0.0939583778381,0.0061137676239,0.0337028503418,0.0198063850403,0.0250668525696,0.165332555771,0.383727550507,3270,3264,10531,1437,3270,3264,10531,1437,260184,150784,150884
UL_LAT_BD,2017-03-03 16:16:39.379048,1.64428329468,0.88951086998,0.0484428405762,0.273432254791,0.175561666489,0.0490798950195,0.105572462082,0.0940153598785,0.00612092018127,0.0337297916412,0.0198214054108,0.0250668525696,0.165443658829,0.383759498596,3273,3267,10540,1438,3273,3267,10540,1438,260428,150924,150984
UL_LAT_BD,2017-03-03 16:16:39.480806,1.65099930763,0.889933347702,0.0484640598297,0.273677110672,0.175639629364,0.0491008758545,0.105621337891,0.0941803455353,0.00612378120422,0.0337538719177,0.019834280014,0.0251839160919,0.165542125702,0.383807420731,3275,3269,10548,1439,3275,3269,10548,1439,260580,151012,151088
