UL_LAT_BD,2017-03-03 16:15:17.880845,0.732459306717,0.569791316986,0.0216283798218,0.121490716934,0.0803513526917,0.0221226215363,0.046373128891,0.0393860340118,0.00253558158875,0.0130701065063,0.00897812843323,0.0107283592224,0.0761189460754,0.343136310577,1461,1455,4623,639,1461,1455,4623,639,115908,67148,67372
UL_LAT_BD,2017-03-03 16:15:17.982905,0.733602285385,0.570115804672,0.0216524600983,0.121657848358,0.0804734230042,0.0221576690674,0.0464503765106,0.0394282341003,0.00254058837891,0.0130870342255,0.00899195671082,0.0107283592224,0.0762093067169,0.343168258667,1464,1458,4631,640,1464,1458,4631,640,116152,67288,67476
DL_LAT_BD,2017-03-03 16:15:18.062715,103,0,0,0
UL_LAT_BD,2017-03-03 16:15:18.085002,0.734610557556,0.570395946503,0.021669626236,0.121763706207,0.080545425415,0.0221786499023,0.0464947223663,0.0394592285156,0.00254344940186,0.0131022930145,0.0090000629425,0.0107283592224,0.0763154029846,0.343211174011,1466,1460,4638,641,1466,1460,4638,641,116304,67384,67580
UL_LAT_BD,2017-03-03 16:15:18.186880,0.735397338867,0.570919036865,0.0216946601868,0.122098684311,0.0806164741516,0.0221972465515,0.046539068222,0.0397210121155,0.0025475025177,0.0131275653839,0.00901389122009,0.0107605457306,0.0764381885529,0.343243360519,1468,1462,4644,642,1468,1462,4644,642,116456,67472,67684
UL_LAT_BD,2017-03-03 16:15:18.289042,0.736657142639,0.571252822876,0.0217208862305,0.122288703918,0.0807535648346,0.0222373008728,0.0466241836548,0.0397689342499,0.00255346298218,0.0131475925446,0.00903105735779,0.0107605457306,0.0765132904053,0.343278169632,1471,1465,4651,643,1471,1465,4651,643,116700,67612,67784
UL_LAT_BD,2017-03-03 16:15:18.390822,0.737779378891,0.571524143219,0.0217418670654,0.122421741486,0.0808434486389,0.0222632884979,0.046679019928,0.0398077964783,0.00255846977234,0.0131664276123,0.00904226303101,0.0107605457306,0.076592206955,0.343310117722,1473,1467,4658,644,1473,1467,4658,644,116852,67700,67888
UL_LAT_BD,2017-03-03 16:15:18.492984,0.73856139183,0.571799278259,0.0217566490173,0.122566699982,0.0809223651886,0.0222823619843,0.0467331409454,0.039871931076,0.00256156921387,0.0131814479828,0.00905442237854,0.0107915401459,0.0766685009003,0.343345165253,1475,1469,4665,645,1475,1469,4665,645,117004,67788,67988
UL_LAT_BD,2017-03-03 16:15:18.595115,0.739407300949,0.572149515152,0.0218346118927,0.122705698013,0.0810062885284,0.0223069190979,0.0467846393585,0.0399241447449,0.0025634765625,0.013215303421,0.00906443595886,0.0107915401459,0.0767517089844,0.343387365341,1477,1471,4672,646,1477,1471,4672,646,117172,67884,68092
UL_LAT_BD,2017-03-03 16:15:18.696922,0.740617752075,0.572641372681,0.0219714641571,0.122893571854,0.0811421871185,0.0223515033722,0.0468671321869,0.0399730205536,0.00256729125977,0.0132365226746,0.00908136367798,0.0107915401459,0.0768609046936,0.343431472778,1480,1474,4682,647,1480,1474,4682,647,117416,68024,68212
UL_LAT_BD,2017-03-03 16:15:18.799124,0.741376399994,0.573426961899,0.0219852924347,0.12300157547,0.0812139511108,0.0223731994629,0.046911239624,0.0400071144104,0.00256943702698,0.0132522583008,0.00909018516541,0.0107915401459,0.0774791240692,0.343468427658,1482,1476,4689,648,1482,1476,4689,648,117568,68112,68316
UL_LAT_BD,2017-03-03 16:15:18.900835,0.742183923721,0.573799133301,0.022064447403,0.123163700104,0.0813040733337,0.0223984718323,0.0469663143158,0.040078163147,0.00257444381714,0.0132732391357,0.00910449028015,0.010817527771,0.0775611400604,0.343506574631,1484,1478,4697,649,1484,1478,4697,649,117736,68208,68416
UL_LAT_BD,2017-03-03 16:15:19.002959,0.743059635162,0.574108362198,0.0220773220062,0.123315811157,0.0814199447632,0.0224273204803,0.047046661377,0.0401122570038,0.00257849693298,0.0132873058319,0.00911545753479,0.010817527771,0.077666759491,0.343536615372,1486,1480,4706,650,1486,1480,4706,650,117888,68296,68520
UL_LAT_BD,2017-03-03 16:15:19.105114,0.744618177414,0.575129985809,0.0227460861206,0.123479604721,0.0815260410309,0.0224583148956,0.0471105575562,0.0401639938354,0.00258135795593,0.0133113861084,0.00912952423096,0.010817527771,0.0778007507324,0.343576431274,1489,1483,4713,651,1489,1483,4713,651,118116,68436,68640
UL_LAT_BD,2017-03-03 16:15:19.206819,0.745608091354,0.575517892838,0.0227630138397,0.123708724976,0.0816383361816,0.0224876403809,0.0471851825714,0.0402779579163,0.00258421897888,0.0133395195007,0.0091495513916,0.0108745098114,0.0779006481171,0.343609571457,1491,1485,4721,652,1491,1485,4721,652,118284,68532,68744
DL_LAT_BD,2017-03-03 16:15:19.062745,103,0,2,0
UL_LAT_BD,2017-03-03 16:15:19.309043,0.746411085129,0.575807094574,0.0227801799774,0.123816490173,0.0817112922668,0.0225095748901,0.0472314357758,0.0403099060059,0.00258612632751,0.0133545398712,0.00915956497192,0.0108745098114,0.0779709815979,0.343640565872,1493,1487,4727,653,1493,1487,4727,653,118436,68620,68844
UL_LAT_BD,2017-03-03 16:15:19.410827,0.747284889221,0.576047897339,0.0227952003479,0.123926639557,0.0817921161652,0.0225338935852,0.0472822189331,0.0403370857239,0.00258827209473,0.0133655071259,0.00916838645935,0.0108745098114,0.0780484676361,0.343670606613,1495,1489,4734,654,1495,1489,4734,654,118604,68716,68948
UL_LAT_BD,2017-03-03 16:15:19.512975,0.74821305275,0.576365947723,0.0228188037872,0.124109745026,0.0819189548492,0.0225710868835,0.0473620891571,0.040390253067,0.00259232521057,0.0133905410767,0.00918316841125,0.0108745098114,0.0781157016754,0.34370470047,1498,1492,4740,655,1498,1492,4740,655,118848,68856,69048
UL_LAT_BD,2017-03-03 16:15:19.615105,0.749103307724,0.576649665833,0.0228338241577,0.124239683151,0.0819897651672,0.0225913524628,0.0474059581757,0.040447473526,0.002596616745,0.0134074687958,0.00919437408447,0.0108964443207,0.0782155990601,0.343737602234,1500,1494,4748,656,1500,1494,4748,656,119000,68944,69152
UL_LAT_BD,2017-03-03 16:15:19.716814,0.750024557114,0.576980829239,0.0228497982025,0.124406814575,0.0821187496185,0.0226602554321,0.0474598407745,0.04048371315,0.00259947776794,0.0134215354919,0.00920534133911,0.0108964443207,0.0783259868622,0.343767642975,1502,1496,4756,657,1502,1496,4756,657,119152,69032,69252
UL_LAT_BD,2017-03-03 16:15:19.818938,0.751140356064,0.577342987061,0.0228729248047,0.124574899673,0.0822367668152,0.0226941108704,0.0475327968597,0.0405309200287,0.00260353088379,0.0134437084198,0.00922036170959,0.0108964443207,0.0784475803375,0.343806505203,1505,1499,4764,658,1505,1499,4764,658,119396,69172,69376
UL_LAT_BD,2017-03-03 16:15:19.920833,0.751995801926,0.577837944031,0.0229859352112,0.124763965607,0.0823225975037,0.0227210521698,0.0475854873657,0.0406308174133,0.00260829925537,0.0134708881378,0.00923752784729,0.0109424591064,0.0785236358643,0.343838453293,1507,1501,4771,659,1507,1501,4771,659,119548,69260,69476
