UL_LAT_BD,2017-03-03 16:16:41.826924,1.67609739304,0.898197650909,0.0489866733551,0.277724266052,0.178240537643,0.0497994422913,0.107349872589,0.095529794693,0.00622963905334,0.0342223644257,0.0201280117035,0.0255329608917,0.167925834656,0.384902477264,3327,3321,10718,1462,3327,3321,10718,1462,264708,153404,153512
UL_LAT_BD,2017-03-03 16:16:41.929042,1.67686152458,0.898467302322,0.049001455307,0.277849435806,0.178322553635,0.0498244762421,0.107402801514,0.0955698490143,0.00623297691345,0.0342433452606,0.0201399326324,0.0255329608917,0.168006658554,0.384943246841,3329,3323,10724,1463,3329,3323,10724,1463,264860,153492,153616
UL_LAT_BD,2017-03-03 16:16:42.030834,1.67779707909,0.898898124695,0.049019575119,0.278116226196,0.178411483765,0.0498485565186,0.107457876205,0.0957458019257,0.00623607635498,0.0342693328857,0.0201570987701,0.0256559848785,0.168094873428,0.384991168976,3331,3325,10731,1464,3331,3325,10731,1464,265028,153588,153716
DL_LAT_BD,2017-03-03 16:16:42.062727,103,8,0,0
UL_LAT_BD,2017-03-03 16:16:42.132969,1.67911839485,0.899240970612,0.0490455627441,0.278271913528,0.178520441055,0.0498805046082,0.107526063919,0.0957896709442,0.00624012947083,0.0342891216278,0.0201699733734,0.0256559848785,0.168196678162,0.385037183762,3334,3328,10739,1465,3334,3328,10739,1465,265256,153728,153820
UL_LAT_BD,2017-03-03 16:16:42.235032,1.68023061752,0.899564981461,0.049064874649,0.278436899185,0.178643465042,0.0499176979065,0.107602834702,0.0958297252655,0.00624299049377,0.0343081951141,0.0201809406281,0.0256559848785,0.168293476105,0.385071277618,3336,3330,10746,1466,3336,3330,10746,1466,265424,153824,153920
UL_LAT_BD,2017-03-03 16:16:42.336922,1.68163967133,0.899865627289,0.049085855484,0.278566837311,0.178725481033,0.0499408245087,0.107652902603,0.0958755016327,0.00624680519104,0.0343310832977,0.0201959609985,0.0256559848785,0.168398141861,0.385107278824,3338,3332,10754,1467,3338,3332,10754,1467,265576,153912,154024
UL_LAT_BD,2017-03-03 16:16:42.439159,1.68325543404,0.900410175323,0.0491170883179,0.27894282341,0.178869485855,0.0499858856201,0.107746124268,0.0961043834686,0.00625395774841,0.0343670845032,0.0202181339264,0.025810956955,0.168487787247,0.385148286819,3341,3335,10761,1468,3341,3335,10761,1468,265820,154052,154124
UL_LAT_BD,2017-03-03 16:16:42.540820,1.68502569199,0.900897741318,0.0491309165955,0.279276609421,0.179165363312,0.050142288208,0.107875347137,0.0961401462555,0.00625991821289,0.0343799591064,0.020229101181,0.025810956955,0.168580770493,0.385188341141,3343,3337,10768,1469,3343,3337,10768,1469,265972,154140,154228
UL_LAT_BD,2017-03-03 16:16:42.642996,1.68593144417,0.901209115982,0.0491452217102,0.279424667358,0.179247379303,0.0501673221588,0.107927560806,0.0962042808533,0.00626397132874,0.0344228744507,0.0202398300171,0.025810956955,0.168684720993,0.385225534439,3345,3339,10774,1470,3345,3339,10774,1470,266124,154228,154328
UL_LAT_BD,2017-03-03 16:16:42.745038,1.68689918518,0.901536464691,0.0491621494293,0.279602527618,0.179351329803,0.0502088069916,0.107981204987,0.0962743759155,0.00626707077026,0.0344457626343,0.0202541351318,0.0258369445801,0.168774604797,0.385258436203,3347,3341,10783,1471,3347,3341,10783,1471,266292,154324,154432
UL_LAT_BD,2017-03-03 16:16:42.846919,1.68799614906,0.901909589767,0.0492131710052,0.27978849411,0.179489612579,0.0502440929413,0.108072519302,0.0963201522827,0.00627088546753,0.0344650745392,0.0202691555023,0.0258369445801,0.168864965439,0.385295391083,3350,3344,10790,1472,3350,3344,10790,1472,266536,154464,154552
UL_LAT_BD,2017-03-03 16:16:42.949050,1.68879795074,0.902148246765,0.0492279529572,0.279893398285,0.179559469223,0.0502641201019,0.108115434647,0.0963521003723,0.00627279281616,0.0344808101654,0.0202791690826,0.0258369445801,0.168943881989,0.38532948494,3352,3346,10796,1473,3352,3346,10796,1473,266688,154552,154656
UL_LAT_BD,2017-03-03 16:16:43.050754,1.69408559799,0.90246629715,0.0492920875549,0.28000330925,0.179633378983,0.0502827167511,0.108162641525,0.0963871479034,0.00627613067627,0.0344977378845,0.0202901363373,0.0258369445801,0.169043302536,0.385364532471,3354,3348,10804,1474,3354,3348,10804,1474,266840,154640,154760
UL_LAT_BD,2017-03-03 16:16:43.152981,1.69487929344,0.902797460556,0.0493078231812,0.280218362808,0.179717302322,0.0503053665161,0.108214378357,0.0965170860291,0.00627827644348,0.0345189571381,0.0203018188477,0.0259249210358,0.169107437134,0.385393619537,3356,3350,10809,1475,3356,3350,10809,1475,267008,154744,154844
UL_LAT_BD,2017-03-03 16:16:43.255017,1.69615244865,0.903141021729,0.0493276119232,0.280397415161,0.179817914963,0.0503370761871,0.108277320862,0.0965919494629,0.00630736351013,0.034539937973,0.0203158855438,0.0259249210358,0.169211626053,0.385427474976,3359,3353,10819,1476,3359,3353,10819,1476,267220,154868,154944
DL_LAT_BD,2017-03-03 16:16:43.062730,103,0,0,0
UL_LAT_BD,2017-03-03 16:16:43.356921,1.69721889496,0.903420209885,0.0493445396423,0.280519485474,0.17990398407,0.0503611564636,0.108328342438,0.0966248512268,0.00630927085876,0.0345559120178,0.0203258991241,0.0259249210358,0.169301986694,0.385467290878,3361,3355,10827,1477,3361,3355,10827,1477,267388,154964,155068
UL_LAT_BD,2017-03-03 16:16:43.459050,1.69816279411,0.903724193573,0.0493588447571,0.280693531036,0.179975986481,0.05038022995,0.108371496201,0.0967259407043,0.00631332397461,0.0346119403839,0.0203402042389,0.025946855545,0.169377565384,0.385499238968,3363,3357,10834,1478,3363,3357,10834,1478,267540,155052,155168
UL_LAT_BD,2017-03-03 16:16:43.561312,1.69885373116,0.904047250748,0.0493729114532,0.280905485153,0.180048942566,0.0504014492035,0.108418226242,0.0968618392944,0.00631713867188,0.0347299575806,0.0203511714935,0.025946855545,0.16944026947,0.385528087616,3365,3359,10840,1479,3365,3359,10840,1479,267692,155140,155252
