UL_LAT_BD,2017-03-03 16:14:37.692957,0.289752960205,0.101213693619,0.00933146476746,0.0487768650055,0.03431391716,0.0105106830597,0.0188632011414,0.0138494968414,0.000922441482544,0.00507307052612,0.00336241722107,0.00294137001038,0.0304372310638,0.0101675987244,554,553,1756,245,554,553,1756,245,43992,25528,25704
UL_LAT_BD,2017-03-03 16:14:37.795114,0.290741920471,0.10169506073,0.00948023796082,0.0489950180054,0.0344381332397,0.0105454921722,0.0189392566681,0.0139393806458,0.000926494598389,0.0051052570343,0.00338125228882,0.00296640396118,0.0305104255676,0.010199546814,557,556,1763,246,557,556,1763,246,44220,25660,25808
UL_LAT_BD,2017-03-03 16:14:37.896951,0.291563510895,0.101985216141,0.00949621200562,0.0491330623627,0.0345380306244,0.010570526123,0.0190079212189,0.0139739513397,0.000928401947021,0.00512218475342,0.00339221954346,0.00296640396118,0.03058552742,0.0102555751801,559,558,1769,247,559,558,1769,247,44388,25756,25908
UL_LAT_BD,2017-03-03 16:14:37.999044,0.292373418808,0.102236509323,0.00951027870178,0.0492351055145,0.0346100330353,0.0105917453766,0.0190539360046,0.0140008926392,0.00093150138855,0.00513410568237,0.00340223312378,0.00296640396118,0.0306615829468,0.0103085041046,561,560,1775,248,561,560,1775,248,44540,25844,26012
UL_LAT_BD,2017-03-03 16:14:38.100859,0.293662309647,0.102499246597,0.00952816009521,0.0493490695953,0.0346908569336,0.0106158256531,0.0191068649292,0.0140306949615,0.000934362411499,0.00514912605286,0.0034122467041,0.00296640396118,0.0307304859161,0.0103635787964,563,562,1781,249,563,562,1781,249,44708,25948,26112
DL_LAT_BD,2017-03-03 16:14:38.062024,103,0,0,0
UL_LAT_BD,2017-03-03 16:14:38.202965,0.294802427292,0.1029753685,0.00954794883728,0.0496730804443,0.0348117351532,0.0106546878815,0.0191776752472,0.0142297744751,0.000938415527344,0.00525689125061,0.0034294128418,0.00302743911743,0.0308105945587,0.010404586792,566,565,1789,250,566,565,1789,250,44936,26100,26248
UL_LAT_BD,2017-03-03 16:14:38.305102,0.295806646347,0.103278160095,0.0095636844635,0.0498108863831,0.0349125862122,0.0106897354126,0.0192375183105,0.0142645835876,0.000942468643188,0.00527167320251,0.00344061851501,0.00302743911743,0.0309045314789,0.0104486942291,568,567,1797,251,568,567,1797,251,45104,26208,26384
UL_LAT_BD,2017-03-03 16:14:38.406814,0.296643733978,0.103554487228,0.00957751274109,0.049947977066,0.0350155830383,0.0107159614563,0.0193095207214,0.0142974853516,0.000946283340454,0.005286693573,0.00344967842102,0.00302743911743,0.0309834480286,0.0104868412018,570,569,1804,252,570,569,1804,252,45256,26296,26504
UL_LAT_BD,2017-03-03 16:14:38.509061,0.297906160355,0.104014396667,0.00960183143616,0.050235748291,0.0351326465607,0.0107522010803,0.0193822383881,0.0144672393799,0.000950336456299,0.00532460212708,0.00346779823303,0.00312852859497,0.0310781002045,0.0105319023132,573,572,1812,253,573,572,1812,253,45500,26436,26604
UL_LAT_BD,2017-03-03 16:14:38.610858,0.298848152161,0.104281187057,0.00961589813232,0.0503475666046,0.0352056026459,0.0107736587524,0.019428730011,0.0145041942596,0.000952243804932,0.00533938407898,0.00348091125488,0.00312852859497,0.0311691761017,0.010568857193,575,574,1820,254,575,574,1820,254,45652,26524,26708
UL_LAT_BD,2017-03-03 16:14:38.712956,0.299695730209,0.104749441147,0.00964593887329,0.05051445961,0.0353434085846,0.0108096599579,0.0195214748383,0.0145301818848,0.000956296920776,0.00534820556641,0.00349283218384,0.00312852859497,0.0313768386841,0.0106236934662,577,576,1825,255,577,576,1825,255,45820,26652,26840
UL_LAT_BD,2017-03-03 16:14:38.815117,0.300609827042,0.109071016312,0.00966119766235,0.0506174564362,0.0354135036469,0.0108284950256,0.0195643901825,0.0145602226257,0.000960350036621,0.00536417961121,0.00350093841553,0.00312852859497,0.0355334281921,0.0106606483459,579,578,1832,256,579,578,1832,256,45972,26740,26964
UL_LAT_BD,2017-03-03 16:14:38.916848,0.303390741348,0.109468221664,0.00968503952026,0.0508296489716,0.035534620285,0.0108649730682,0.019638299942,0.0146472454071,0.000966310501099,0.00539398193359,0.00352191925049,0.00315237045288,0.0356466770172,0.0106966495514,582,581,1839,257,582,581,1839,257,46200,26872,27064
UL_LAT_BD,2017-03-03 16:14:39.018939,0.304337978363,0.109721422195,0.00970196723938,0.0509395599365,0.0356135368347,0.0108880996704,0.0196874141693,0.0146744251251,0.000968456268311,0.00540494918823,0.00353074073792,0.00315237045288,0.0357320308685,0.0107307434082,584,583,1846,258,584,583,1846,258,46368,26968,27168
DL_LAT_BD,2017-03-03 16:14:39.062736,103,0,0,0
UL_LAT_BD,2017-03-03 16:14:39.121257,0.305120944977,0.110057592392,0.00982809066772,0.0510425567627,0.035685300827,0.0109088420868,0.0197336673737,0.0147035121918,0.00097131729126,0.00541710853577,0.00353980064392,0.00315237045288,0.0358011722565,0.0107617378235,586,585,1852,259,586,585,1852,259,46520,27064,27272
UL_LAT_BD,2017-03-03 16:14:39.222957,0.305947542191,0.110327243805,0.00984525680542,0.0511832237244,0.0357692241669,0.0109333992004,0.0197880268097,0.0147573947906,0.000973224639893,0.005450963974,0.00355076789856,0.00315237045288,0.0358738899231,0.010794878006,588,587,1859,260,588,587,1859,260,46688,27160,27376
UL_LAT_BD,2017-03-03 16:14:39.325253,0.309331417084,0.110727787018,0.00986695289612,0.0514130592346,0.0358901023865,0.0109694004059,0.0198631286621,0.014865398407,0.000979423522949,0.00547981262207,0.003586769104,0.00318241119385,0.0359799861908,0.0108299255371,591,590,1866,261,591,590,1866,261,46932,27300,27476
UL_LAT_BD,2017-03-03 16:14:39.426926,0.310177564621,0.110997915268,0.00988292694092,0.0515613555908,0.0359592437744,0.0109901428223,0.0199072360992,0.014942407608,0.000982284545898,0.00549149513245,0.00364375114441,0.00318241119385,0.0360429286957,0.0108649730682,593,592,1872,262,593,592,1872,262,47084,27388,27580
UL_LAT_BD,2017-03-03 16:14:39.529116,0.311055421829,0.111329078674,0.00995993614197,0.0516784191132,0.0360424518585,0.0110166072845,0.0199589729309,0.0149743556976,0.00098443031311,0.00550556182861,0.00365281105042,0.00318241119385,0.0361301898956,0.0109069347382,595,594,1879,263,595,594,1879,263,47252,27484,27680
UL_LAT_BD,2017-03-03 16:14:39.630765,0.313195705414,0.111730098724,0.0099778175354,0.0518853664398,0.0361225605011,0.011040687561,0.0200102329254,0.0150983333588,0.000986576080322,0.00556349754333,0.00366997718811,0.00320744514465,0.0362269878387,0.0109770298004,597,596,1887,264,597,596,1887,264,47404,27572,27804
