DL_LAT_BD,2017-03-03 16:16:01.061920,103,0,0,0
UL_LAT_BD,2017-03-03 16:16:01.332958,1.22355318069,0.736074447632,0.0360865592957,0.198961734772,0.127953529358,0.0361397266388,0.0741405487061,0.0681915283203,0.00448489189148,0.0246341228485,0.0145907402039,0.0175023078918,0.123998165131,0.364958763123,2427,2421,7781,1065,2427,2421,7781,1065,192892,111780,111908
UL_LAT_BD,2017-03-03 16:16:01.435044,1.2244155407,0.736387729645,0.0361347198486,0.199080705643,0.128037691116,0.0361640453339,0.0741934776306,0.0682253837585,0.00448775291443,0.0246500968933,0.0146017074585,0.0175023078918,0.124092578888,0.364999771118,2429,2423,7790,1066,2429,2423,7790,1066,193060,111876,112008
UL_LAT_BD,2017-03-03 16:16:01.536931,1.22552990913,0.736729860306,0.0361576080322,0.199263572693,0.128166675568,0.0362005233765,0.0742723941803,0.0682754516602,0.00449180603027,0.0246720314026,0.0146198272705,0.0175023078918,0.124184370041,0.365033626556,2432,2426,7799,1067,2432,2426,7799,1067,193304,112016,112112
UL_LAT_BD,2017-03-03 16:16:01.639080,1.22815775871,0.737189769745,0.0361707210541,0.199368476868,0.128236532211,0.0362215042114,0.0743165016174,0.0683083534241,0.00449466705322,0.0246880054474,0.0146288871765,0.0175023078918,0.124475240707,0.365074634552,2434,2428,7806,1068,2434,2428,7806,1068,193456,112104,112212
UL_LAT_BD,2017-03-03 16:16:01.740842,1.23462796211,0.737633466721,0.0361957550049,0.19965338707,0.128343343735,0.0362651348114,0.0743727684021,0.0684823989868,0.00449872016907,0.0247161388397,0.0146436691284,0.0176231861115,0.124562978745,0.36510848999,2436,2430,7815,1069,2436,2430,7815,1069,193624,112200,112316
UL_LAT_BD,2017-03-03 16:16:01.842941,1.2355196476,0.737910747528,0.036209821701,0.199771404266,0.128423452377,0.0362892150879,0.0744247436523,0.0685172080994,0.00450348854065,0.0247302055359,0.0146548748016,0.0176231861115,0.124665021896,0.365141630173,2438,2432,7823,1070,2438,2432,7823,1070,193776,112288,112416
UL_LAT_BD,2017-03-03 16:16:01.945136,1.23648142815,0.738316059113,0.0362298488617,0.200004577637,0.12859582901,0.036336183548,0.0745365619659,0.0685751438141,0.00450944900513,0.0247583389282,0.0146718025208,0.0176231861115,0.124771595001,0.365174531937,2441,2435,7831,1071,2441,2435,7831,1071,194020,112428,112520
UL_LAT_BD,2017-03-03 16:16:02.046942,1.23748588562,0.738626003265,0.0362441539764,0.200161457062,0.128665924072,0.0363581180573,0.0745794773102,0.0686600208282,0.00451231002808,0.0247805118561,0.0146887302399,0.0176601409912,0.124866485596,0.365209341049,2443,2437,7840,1072,2443,2437,7840,1072,194172,112516,112624
UL_LAT_BD,2017-03-03 16:16:02.149056,1.23833799362,0.738947629929,0.0363211631775,0.20027756691,0.128748178482,0.0363833904266,0.074631690979,0.0686900615692,0.00451421737671,0.0247948169708,0.0146977901459,0.0176601409912,0.124951124191,0.365245342255,2445,2439,7847,1073,2445,2439,7847,1073,194340,112620,112728
DL_LAT_BD,2017-03-03 16:16:02.061822,103,0,0,0
UL_LAT_BD,2017-03-03 16:16:02.250842,1.23922109604,0.739246368408,0.0363371372223,0.200383663177,0.128823041916,0.0364046096802,0.0746774673462,0.0687193870544,0.00451850891113,0.0248057842255,0.0147066116333,0.0176601409912,0.125078678131,0.365284204483,2447,2441,7855,1074,2447,2441,7855,1074,194492,112708,112848
UL_LAT_BD,2017-03-03 16:16:02.352937,1.24014782906,0.739787578583,0.0365908145905,0.200560569763,0.128946065903,0.0364384651184,0.0747525691986,0.0687701702118,0.00452256202698,0.0248308181763,0.0147206783295,0.0176601409912,0.125148057938,0.365315198898,2450,2444,7861,1075,2450,2444,7861,1075,194736,112848,112932
UL_LAT_BD,2017-03-03 16:16:02.455135,1.24340558052,0.740218162537,0.0366649627686,0.200773715973,0.129016160965,0.0364599227905,0.0747964382172,0.068911075592,0.00452661514282,0.0248579978943,0.0147347450256,0.0177500247955,0.125248670578,0.365349054337,2452,2446,7868,1076,2452,2446,7868,1076,194888,112936,113032
UL_LAT_BD,2017-03-03 16:16:02.556927,1.24434900284,0.740542650223,0.0367422103882,0.200884580612,0.129096984863,0.0364830493927,0.0748465061188,0.0689392089844,0.00452971458435,0.0248689651489,0.014744758606,0.0177500247955,0.125338077545,0.365391016006,2454,2448,7875,1077,2454,2448,7875,1077,195056,113032,113136
UL_LAT_BD,2017-03-03 16:16:02.659051,1.24532055855,0.740872621536,0.0367629528046,0.201059579849,0.129215955734,0.0365164279938,0.0749197006226,0.0689930915833,0.00453567504883,0.0248947143555,0.0147616863251,0.0177500247955,0.12543129921,0.365427017212,2457,2451,7882,1078,2457,2451,7882,1078,195284,113164,113236
UL_LAT_BD,2017-03-03 16:16:02.760790,1.24637508392,0.741188287735,0.0367777347565,0.201227426529,0.1292989254,0.0365386009216,0.0749707221985,0.0690751075745,0.00453877449036,0.0249238014221,0.0147738456726,0.017776966095,0.125523328781,0.365459918976,2459,2453,7889,1079,2459,2453,7889,1079,195452,113260,113340
UL_LAT_BD,2017-03-03 16:16:02.862985,1.24720025063,0.741464614868,0.036792755127,0.201360464096,0.129373788834,0.0365626811981,0.0750184059143,0.0691313743591,0.00454115867615,0.0249617099762,0.0147848129272,0.017776966095,0.125592470169,0.365511894226,2461,2455,7895,1080,2461,2455,7895,1080,195604,113348,113480
UL_LAT_BD,2017-03-03 16:16:02.965141,1.24803042412,0.741771459579,0.0368077754974,0.201473474503,0.129455804825,0.0365869998932,0.0750682353973,0.0691604614258,0.00454425811768,0.0249738693237,0.0147948265076,0.017776966095,0.125730514526,0.365543842316,2463,2457,7902,1081,2463,2457,7902,1081,195772,113444,113564
UL_LAT_BD,2017-03-03 16:16:03.066896,1.24909949303,0.742114543915,0.0368297100067,0.201655864716,0.129563093185,0.03662109375,0.0751340389252,0.0692303180695,0.00454926490784,0.0249969959259,0.0148129463196,0.017776966095,0.125820398331,0.36558175087,2466,2460,7910,1082,2466,2460,7910,1082,196000,113584,113668
DL_LAT_BD,2017-03-03 16:16:03.062624,103,0,0,0
UL_LAT_BD,2017-03-03 16:16:03.169054,1.25015354156,0.742501497269,0.0368475914001,0.201877832413,0.129708051682,0.0367078781128,0.0751872062683,0.0693051815033,0.00455212593079,0.0250158309937,0.0148286819458,0.0178079605103,0.125918865204,0.365621805191,2468,2462,7918,1083,2468,2462,7918,1083,196168,113680,113772
UL_LAT_BD,2017-03-03 16:16:03.270850,1.25104308128,0.74275636673,0.0368645191193,0.201999664307,0.129786014557,0.0367317199707,0.0752353668213,0.0693461894989,0.00455522537231,0.0250339508057,0.0148437023163,0.0178079605103,0.125994920731,0.365654706955,2470,2464,7924,1084,2470,2464,7924,1084,196320,113768,113872
