UL_LAT_BD,2017-03-03 16:16:43.662997,1.69986867905,0.904489517212,0.0495119094849,0.281077623367,0.18017077446,0.0504384040833,0.10849404335,0.0969080924988,0.00632119178772,0.0347516536713,0.0203664302826,0.025946855545,0.169521331787,0.385569095612,3368,3362,10847,1480,3368,3362,10847,1480,267936,155280,155376
UL_LAT_BD,2017-03-03 16:16:43.765035,1.70098280907,0.904866456985,0.0495958328247,0.281196594238,0.1802546978,0.0504641532898,0.108549356461,0.096940279007,0.00632333755493,0.0347673892975,0.0203764438629,0.025946855545,0.169647455215,0.385606050491,3370,3364,10856,1481,3370,3364,10856,1481,268104,155376,155480
UL_LAT_BD,2017-03-03 16:16:43.866927,1.70220685005,0.905374765396,0.049712896347,0.281457662582,0.18033862114,0.0504879951477,0.108601331711,0.0971143245697,0.00632643699646,0.0348072052002,0.0204675197601,0.025979757309,0.169720649719,0.3856549263,3372,3366,10862,1482,3372,3366,10862,1482,268256,155464,155600
UL_LAT_BD,2017-03-03 16:16:43.969041,1.70358777046,0.905810594559,0.0497808456421,0.281686544418,0.180512666702,0.0505318641663,0.108716487885,0.0971662998199,0.00633239746094,0.0348272323608,0.020486831665,0.025979757309,0.169810771942,0.385693073273,3375,3369,10870,1483,3375,3369,10870,1483,268532,155644,155724
UL_LAT_BD,2017-03-03 16:16:44.070855,1.70455813408,0.90625667572,0.0498638153076,0.281827688217,0.180615901947,0.0505619049072,0.108781814575,0.0972032546997,0.0063362121582,0.0348443984985,0.0204989910126,0.025979757309,0.169906616211,0.38573718071,3377,3371,10876,1484,3377,3371,10876,1484,268736,155764,155868
DL_LAT_BD,2017-03-03 16:16:43.962551,74,0,0,0
DL_LAT_BD,2017-03-03 16:16:43.962551,74,8,0,0
DL_LAT_BD,2017-03-03 16:16:44.011916,531,0,0,0
DL_LAT_BD,2017-03-03 16:16:44.011916,1282,0,0,0
DL_LAT_BD,2017-03-03 16:16:44.011916,1115,0,1,0
DL_LAT_BD,2017-03-03 16:16:44.061828,103,0,0,0
UL_LAT_BD,2017-03-03 16:16:44.172971,1.70886588097,0.906727552414,0.0498778820038,0.282150506973,0.180714845657,0.0505917072296,0.10884308815,0.0973882675171,0.00634121894836,0.034966468811,0.0205130577087,0.0260126590729,0.169998645782,0.385771274567,3379,3373,10883,1485,3379,3373,10883,1485,268904,155860,155972
UL_LAT_BD,2017-03-03 16:16:44.275028,1.70978426933,0.907006978989,0.0498938560486,0.282266616821,0.180790901184,0.0506143569946,0.108891248703,0.0974252223969,0.00634717941284,0.0349857807159,0.0205209255219,0.0260126590729,0.170102119446,0.385807275772,3381,3375,10892,1486,3381,3375,10892,1486,269056,155948,156072
UL_LAT_BD,2017-03-03 16:16:44.376951,1.71101236343,0.907386302948,0.0499198436737,0.282494783401,0.180963993073,0.0506503582001,0.109016180038,0.09747838974,0.00635313987732,0.0350096225739,0.0205380916595,0.0260126590729,0.170182466507,0.385843276978,3384,3378,10899,1487,3384,3378,10899,1487,269300,156088,156172
UL_LAT_BD,2017-03-03 16:16:44.479047,1.71201682091,0.907655239105,0.0499336719513,0.282604694366,0.181038856506,0.0506720542908,0.109062194824,0.0975112915039,0.00635623931885,0.0350275039673,0.0205459594727,0.0260126590729,0.170282840729,0.385877132416,3386,3380,10907,1488,3386,3380,10907,1488,269452,156176,156276
UL_LAT_BD,2017-03-03 16:16:44.580827,1.71293139458,0.908065080643,0.0499515533447,0.282863616943,0.181125879288,0.0506994724274,0.109116077423,0.0976822376251,0.00635933876038,0.0350494384766,0.0205600261688,0.0261387825012,0.170370101929,0.385914087296,3388,3382,10913,1489,3388,3382,10913,1489,269620,156272,156376
UL_LAT_BD,2017-03-03 16:16:44.682907,1.71412467957,0.908389091492,0.0499665737152,0.283014535904,0.181211709976,0.0507273674011,0.109171152115,0.0977454185486,0.00636458396912,0.0350670814514,0.0205719470978,0.0261387825012,0.170457363129,0.3859770298,3390,3384,10921,1490,3390,3384,10921,1490,269772,156360,156480
UL_LAT_BD,2017-03-03 16:16:44.785126,1.71523141861,0.908701658249,0.0499894618988,0.283186674118,0.181330919266,0.0507636070251,0.109246969223,0.0977942943573,0.00636839866638,0.0350904464722,0.0205869674683,0.0261387825012,0.170532226562,0.386009931564,3393,3387,10928,1491,3393,3387,10928,1491,270016,156500,156580
UL_LAT_BD,2017-03-03 16:16:44.887005,1.71608519554,0.908997535706,0.0500023365021,0.283337831497,0.181410074234,0.0507848262787,0.109299659729,0.0978643894196,0.00637054443359,0.0351116657257,0.0205998420715,0.026163816452,0.170619249344,0.38604593277,3395,3389,10935,1492,3395,3389,10935,1492,270168,156588,156684
UL_LAT_BD,2017-03-03 16:16:44.989046,1.71711921692,0.909284830093,0.0500192642212,0.283448934555,0.181484937668,0.0508096218109,0.109346866608,0.0978975296021,0.00637483596802,0.0351276397705,0.0206098556519,0.026163816452,0.170716047287,0.38609790802,3397,3391,10944,1493,3397,3391,10944,1493,270320,156676,156784
DL_LAT_BD,2017-03-03 16:16:45.062093,103,0,0,0
UL_LAT_BD,2017-03-03 16:16:45.090830,1.71807479858,0.909543037415,0.0500340461731,0.283571004868,0.181575059891,0.0508375167847,0.109401702881,0.0979273319244,0.00637769699097,0.035139799118,0.0206189155579,0.026163816452,0.170791625977,0.386137962341,3399,3393,10950,1494,3399,3393,10950,1494,270488,156780,156888
UL_LAT_BD,2017-03-03 16:16:45.192896,1.71903061867,0.909862995148,0.050057888031,0.283745288849,0.181695222855,0.0508737564087,0.10947728157,0.0979783535004,0.00638270378113,0.0351667404175,0.0206339359283,0.026163816452,0.17086648941,0.386178016663,3402,3396,10957,1495,3402,3396,10957,1495,270732,156920,156988
UL_LAT_BD,2017-03-03 16:16:45.295176,1.71985197067,0.910152673721,0.0500736236572,0.283896207809,0.181770086288,0.0508964061737,0.109524250031,0.0980534553528,0.00638699531555,0.0351865291595,0.0206480026245,0.0261948108673,0.170930624008,0.386229038239,3404,3398,10963,1496,3404,3398,10963,1496,270884,157008,157092
