UL_LAT_BD,2017-03-03 16:14:46.566901,0.387039899826,0.138514518738,0.0139286518097,0.0628514289856,0.0432476997375,0.0132455825806,0.024377822876,0.0187685489655,0.00125288963318,0.00691246986389,0.00466823577881,0.00378704071045,0.0448293685913,0.0135352611542,757,753,2383,332,757,753,2383,332,60048,34824,34956
UL_LAT_BD,2017-03-03 16:14:46.669052,0.387980222702,0.138851881027,0.0139896869659,0.0629806518555,0.0433437824249,0.0132825374603,0.0244307518005,0.0188004970551,0.00125575065613,0.00692844390869,0.00467920303345,0.00378704071045,0.0449314117432,0.0135712623596,759,755,2390,333,759,755,2390,333,60216,34920,35080
UL_LAT_BD,2017-03-03 16:14:46.770930,0.390221357346,0.139290571213,0.0140116214752,0.0632157325745,0.0434327125549,0.0133092403412,0.0244860649109,0.0189437866211,0.00125980377197,0.00694847106934,0.00479435920715,0.00378704071045,0.045045375824,0.0136291980743,761,757,2397,334,761,757,2397,334,60368,35008,35184
UL_LAT_BD,2017-03-03 16:14:46.872958,0.391691684723,0.139680147171,0.0140342712402,0.0634486675262,0.0435426235199,0.013343334198,0.0245530605316,0.0190620422363,0.00126385688782,0.00697660446167,0.00481557846069,0.00382494926453,0.0451245307922,0.0136752128601,763,759,2402,335,763,759,2402,335,60536,35104,35284
UL_LAT_BD,2017-03-03 16:14:46.975099,0.393330812454,0.140189886093,0.0140671730042,0.0637016296387,0.0437276363373,0.013397693634,0.0246691703796,0.0191252231598,0.00127100944519,0.00700378417969,0.00483322143555,0.00382494926453,0.0452656745911,0.0137422084808,766,762,2409,336,766,762,2409,336,60780,35244,35388
UL_LAT_BD,2017-03-03 16:14:47.076875,0.394755363464,0.140534639359,0.0140881538391,0.0638494491577,0.0438334941864,0.0134372711182,0.0247282981873,0.0191652774811,0.00127530097961,0.00702261924744,0.00484538078308,0.00382494926453,0.0453929901123,0.0137801170349,768,764,2418,337,768,764,2418,337,60932,35340,35508
DL_LAT_BD,2017-03-03 16:14:47.062113,103,0,0,0
UL_LAT_BD,2017-03-03 16:14:47.179045,0.395641326904,0.140885829926,0.0141050815582,0.0640783309937,0.0439155101776,0.013459444046,0.0247781276703,0.0193111896515,0.00127816200256,0.00704336166382,0.00485920906067,0.00392699241638,0.0454571247101,0.013815164566,770,766,2423,338,770,766,2423,338,61100,35436,35612
UL_LAT_BD,2017-03-03 16:14:47.280780,0.396490335464,0.141141653061,0.0141189098358,0.0641822814941,0.0439865589142,0.0134782791138,0.024822473526,0.0193431377411,0.00128197669983,0.00705862045288,0.00486922264099,0.00392699241638,0.0455541610718,0.0138490200043,772,768,2430,339,772,768,2430,339,61252,35524,35712
UL_LAT_BD,2017-03-03 16:14:47.382970,0.397593975067,0.141491174698,0.0141398906708,0.0643742084503,0.0441315174103,0.0135352611542,0.0249018669128,0.0193881988525,0.00128602981567,0.00707864761353,0.00488424301147,0.00392699241638,0.0456471443176,0.0138790607452,775,771,2439,340,775,771,2439,340,61480,35656,35816
UL_LAT_BD,2017-03-03 16:14:47.485101,0.398354530334,0.141746997833,0.0141549110413,0.0644950866699,0.0442163944244,0.0135610103607,0.0249538421631,0.0194232463837,0.00129079818726,0.00709462165833,0.00489330291748,0.00392699241638,0.0457241535187,0.0139150619507,777,773,2446,341,777,773,2446,341,61648,35752,35916
UL_LAT_BD,2017-03-03 16:14:47.586923,0.399296760559,0.14232301712,0.0141689777374,0.0649321079254,0.0443122386932,0.0135881900787,0.0250148773193,0.0197625160217,0.001296043396,0.00712275505066,0.0049090385437,0.00421214103699,0.0458071231842,0.0139470100403,779,775,2454,342,779,775,2454,342,61800,35840,36020
UL_LAT_BD,2017-03-03 16:14:47.689045,0.400590181351,0.142650127411,0.0141961574554,0.0651071071625,0.0444419384003,0.0136213302612,0.0250995159149,0.019805431366,0.00130009651184,0.00714159011841,0.00492310523987,0.00421214103699,0.0458881855011,0.0139799118042,782,778,2462,343,782,778,2462,343,62044,35980,36120
UL_LAT_BD,2017-03-03 16:14:47.790869,0.401396751404,0.142910718918,0.014209985733,0.0652253627777,0.0445251464844,0.0136451721191,0.0251519680023,0.0198395252228,0.00130295753479,0.00715756416321,0.00493192672729,0.00421214103699,0.0459637641907,0.0140249729156,784,780,2470,344,784,780,2470,344,62212,36076,36224
UL_LAT_BD,2017-03-03 16:14:47.893010,0.402347326279,0.143221378326,0.0142247676849,0.0653893947601,0.0446202754974,0.0136752128601,0.0252077579498,0.0199074745178,0.00130677223206,0.00717711448669,0.00494599342346,0.00423717498779,0.0460550785065,0.0140569210052,786,782,2478,345,786,782,2478,345,62364,36164,36324
UL_LAT_BD,2017-03-03 16:14:47.995104,0.40330529213,0.143532991409,0.0142395496368,0.0655355453491,0.044721364975,0.013703584671,0.025271654129,0.0199494361877,0.00131058692932,0.00719785690308,0.00495791435242,0.00423717498779,0.0461597442627,0.0140960216522,788,784,2487,346,788,784,2487,346,62532,36260,36428
DL_LAT_BD,2017-03-03 16:14:48.062108,103,0,0,0
UL_LAT_BD,2017-03-03 16:14:48.096916,0.404524326324,0.143867015839,0.0142595767975,0.0657007694244,0.0448403358459,0.0137364864349,0.0253484249115,0.0199913978577,0.00131487846375,0.00721573829651,0.00497102737427,0.00423717498779,0.0462598800659,0.0141351222992,791,787,2494,347,791,787,2494,347,62760,36400,36548
UL_LAT_BD,2017-03-03 16:14:48.199050,0.405337572098,0.144144296646,0.0142757892609,0.0658175945282,0.0449223518372,0.0137631893158,0.0253994464874,0.0200233459473,0.00131678581238,0.00723195075989,0.00498104095459,0.00423717498779,0.0463352203369,0.0141971111298,793,789,2501,348,793,789,2501,348,62928,36496,36688
UL_LAT_BD,2017-03-03 16:14:48.300863,0.406196832657,0.144446611404,0.0142908096313,0.0659775733948,0.0449995994568,0.013787984848,0.0254476070404,0.0201041698456,0.00132060050964,0.00725603103638,0.00499725341797,0.00426912307739,0.0464069843292,0.0142431259155,795,791,2508,349,795,791,2508,349,63080,36584,36772
UL_LAT_BD,2017-03-03 16:14:48.402971,0.407043457031,0.144680261612,0.0143048763275,0.0660765171051,0.0450716018677,0.0138087272644,0.025493144989,0.0201292037964,0.00132346153259,0.0072660446167,0.00500416755676,0.00426912307739,0.0464820861816,0.0142819881439,797,793,2515,350,797,793,2515,350,63232,36672,36876
