DL_LAT_BD,2017-03-03 16:15:35.062739,103,0,0,0
UL_LAT_BD,2017-03-03 16:15:35.220841,0.928839206696,0.633244991302,0.028354883194,0.148845434189,0.0972590446472,0.0270771980286,0.0569524765015,0.0494096279144,0.00319600105286,0.0164725780487,0.0112295150757,0.013251543045,0.0969815254211,0.349840164185,1847,1841,5882,809,1847,1841,5882,809,146508,84924,85088
UL_LAT_BD,2017-03-03 16:15:35.322984,0.929983377457,0.633620262146,0.0283861160278,0.148950338364,0.0973300933838,0.0270981788635,0.0569984912872,0.049441576004,0.00319790840149,0.0164885520935,0.0112383365631,0.013251543045,0.0971717834473,0.349877119064,1849,1843,5890,810,1849,1843,5890,810,146660,85012,85212
UL_LAT_BD,2017-03-03 16:15:35.425143,0.931037187576,0.63395357132,0.0284020900726,0.149126529694,0.097430229187,0.0271384716034,0.0570511817932,0.0495142936707,0.00320076942444,0.0165107250214,0.011253118515,0.0132775306702,0.0972559452057,0.349920988083,1851,1845,5898,811,1851,1845,5898,811,146828,85108,85312
UL_LAT_BD,2017-03-03 16:15:35.526926,0.932109355927,0.634279489517,0.0284261703491,0.149296760559,0.097549200058,0.0271732807159,0.0571253299713,0.0495591163635,0.00320482254028,0.0165276527405,0.0112686157227,0.0132775306702,0.0973422527313,0.349953174591,1854,1848,5906,812,1854,1848,5906,812,147072,85248,85416
UL_LAT_BD,2017-03-03 16:15:35.629046,0.93306517601,0.634592294693,0.0284411907196,0.14946269989,0.097668170929,0.0272045135498,0.0572071075439,0.0496020317078,0.00320982933044,0.016548871994,0.0112814903259,0.0132775306702,0.097425699234,0.349992036819,1856,1850,5913,813,1856,1850,5913,813,147224,85336,85516
UL_LAT_BD,2017-03-03 16:15:35.730839,0.933976650238,0.634892463684,0.0284543037415,0.149646759033,0.0977413654327,0.0272266864777,0.0572538375854,0.0497119426727,0.00321173667908,0.0166296958923,0.0113024711609,0.0132775306702,0.0974926948547,0.350018978119,1858,1852,5919,814,1858,1852,5919,814,147376,85424,85600
UL_LAT_BD,2017-03-03 16:15:35.832977,0.934703350067,0.635178089142,0.028468132019,0.149804830551,0.0978252887726,0.0272507667542,0.0573065280914,0.049783706665,0.00321459770203,0.0166506767273,0.01131772995,0.0133044719696,0.0975642204285,0.35005402565,1860,1854,5925,815,1860,1854,5925,815,147544,85520,85720
UL_LAT_BD,2017-03-03 16:15:35.935065,0.935635566711,0.635485649109,0.0284900665283,0.149979829788,0.0979511737823,0.0272827148438,0.0573875904083,0.0498316287994,0.00321984291077,0.0166714191437,0.0113346576691,0.0133044719696,0.0976324081421,0.350084066391,1863,1857,5932,816,1863,1857,5932,816,147772,85652,85824
UL_LAT_BD,2017-03-03 16:15:36.036917,0.936528205872,0.635761976242,0.0285050868988,0.150094985962,0.098032951355,0.0273079872131,0.0574383735657,0.0498616695404,0.00322389602661,0.0166873931885,0.0113415718079,0.0133044719696,0.0977375507355,0.350116014481,1865,1859,5939,817,1865,1859,5939,817,147940,85748,85928
DL_LAT_BD,2017-03-03 16:15:36.060753,103,0,0,0
UL_LAT_BD,2017-03-03 16:15:36.139042,0.937496185303,0.636056423187,0.0285239219666,0.150249004364,0.098119020462,0.0273330211639,0.0574908256531,0.0499286651611,0.00322675704956,0.0167384147644,0.0113484859467,0.0133044719696,0.0978145599365,0.350151062012,1867,1861,5946,818,1867,1861,5946,818,148092,85844,86012
UL_LAT_BD,2017-03-03 16:15:36.240829,0.938395023346,0.636285543442,0.0285379886627,0.150338888168,0.0981879234314,0.0273509025574,0.0575337409973,0.0499465465546,0.00322866439819,0.0167486667633,0.0113513469696,0.0133044719696,0.0978906154633,0.350192070007,1869,1863,5953,819,1869,1863,5953,819,148244,85932,86116
UL_LAT_BD,2017-03-03 16:15:36.342970,0.93945980072,0.636613130569,0.0285618305206,0.150517702103,0.0983288288116,0.0273933410645,0.0576229095459,0.0499801635742,0.00323438644409,0.0167689323425,0.0113523006439,0.0133044719696,0.0979707241058,0.350228071213,1872,1866,5959,820,1872,1866,5959,820,148488,86072,86240
UL_LAT_BD,2017-03-03 16:15:36.445097,0.9403860569,0.636928319931,0.0285768508911,0.150652647018,0.0984098911285,0.0274150371552,0.0576729774475,0.0500321388245,0.00323629379272,0.0167818069458,0.0113835334778,0.0133044719696,0.0980761051178,0.350279092789,1874,1868,5967,821,1874,1868,5967,821,148656,86168,86360
UL_LAT_BD,2017-03-03 16:15:36.546922,0.941256046295,0.637143850327,0.028591632843,0.150743722916,0.0984809398651,0.0274348258972,0.057718038559,0.0500512123108,0.00323843955994,0.0167925357819,0.011385679245,0.0133044719696,0.0981462001801,0.350310087204,1876,1870,5974,822,1876,1870,5974,822,148808,86256,86464
UL_LAT_BD,2017-03-03 16:15:36.649041,0.942179441452,0.640200138092,0.0286114215851,0.153665781021,0.0985910892487,0.0274679660797,0.057785987854,0.0528593063354,0.0032422542572,0.0195827484131,0.0113885402679,0.0133044719696,0.0982193946838,0.350341081619,1879,1873,5980,823,1879,1873,5980,823,149036,86388,86548
UL_LAT_BD,2017-03-03 16:15:36.750846,0.943073749542,0.640500307083,0.0286273956299,0.15379858017,0.0986709594727,0.0274908542633,0.057835817337,0.0529103279114,0.00324535369873,0.019597530365,0.0114176273346,0.0133044719696,0.098325252533,0.350377082825,1881,1875,5989,824,1881,1875,5989,824,149204,86484,86648
UL_LAT_BD,2017-03-03 16:15:36.852983,0.943870306015,0.640741825104,0.0286424160004,0.153889656067,0.0987408161163,0.0275120735168,0.0578806400299,0.0529282093048,0.00324749946594,0.0196075439453,0.0114185810089,0.0133044719696,0.0983984470367,0.350431919098,1883,1877,5997,825,1883,1877,5997,825,149356,86572,86772
UL_LAT_BD,2017-03-03 16:15:36.955031,0.944822072983,0.640995502472,0.0286583900452,0.153996706009,0.0988249778748,0.0275363922119,0.0579323768616,0.0529501438141,0.00325036048889,0.0196208953857,0.0114204883575,0.0133044719696,0.0984785556793,0.350471735001,1885,1879,6005,826,1885,1879,6005,826,149524,86668,86872
UL_LAT_BD,2017-03-03 16:15:37.056833,0.945941209793,0.641541481018,0.0287396907806,0.154331684113,0.0989542007446,0.0275745391846,0.0580112934113,0.0531537532806,0.00325512886047,0.0196433067322,0.0114305019379,0.0134584903717,0.0985655784607,0.35050368309,1888,1882,6012,827,1888,1882,6012,827,149768,86816,86976
UL_LAT_BD,2017-03-03 16:15:37.159056,0.946752309799,0.642037630081,0.0287568569183,0.154686689377,0.0990571975708,0.027599811554,0.0580823421478,0.0534038543701,0.0032594203949,0.0197033882141,0.0114424228668,0.0135905742645,0.0986378192902,0.350549697876,1890,1884,6018,828,1890,1884,6018,828,149920,86904,87076
UL_LAT_BD,2017-03-03 16:15:37.260846,0.947810173035,0.642493247986,0.0287749767303,0.154989957809,0.0991423130035,0.0276272296906,0.0581340789795,0.0536196231842,0.00326156616211,0.0197203159332,0.0114512443542,0.0137684345245,0.098733663559,0.350580692291,1892,1886,6026,829,1892,1886,6026,829,150088,87000,87180
DL_LAT_BD,2017-03-03 16:15:37.062741,103,0,0,0
UL_LAT_BD,2017-03-03 16:15:37.362990,0.948725223541,0.642814874649,0.0287899971008,0.155161142349,0.0992224216461,0.0276522636414,0.058185338974,0.0537078380585,0.00326561927795,0.0197269916534,0.0114870071411,0.0138053894043,0.0988194942474,0.350621700287,1894,1888,6032,830,1894,1888,6032,830,150240,87088,87280
