UL_LAT_BD,2017-03-03 16:14:29.430860,0.200768709183,0.0642518997192,0.00532197952271,0.0325622558594,0.0228788852692,0.00822067260742,0.01034283638,0.00927662849426,0.000603199005127,0.00346875190735,0.0022828578949,0.00186371803284,0.0179393291473,0.00684213638306,371,370,1170,164,371,370,1170,164,29460,17096,17220
UL_LAT_BD,2017-03-03 16:14:29.532959,0.201689720154,0.0645825862885,0.00533699989319,0.0327682495117,0.0229499340057,0.00824284553528,0.0103869438171,0.0094096660614,0.00060510635376,0.00349068641663,0.00229716300964,0.00195264816284,0.0180096626282,0.00687098503113,373,372,1177,165,373,372,1177,165,29612,17184,17304
UL_LAT_BD,2017-03-03 16:14:29.635119,0.202609777451,0.064838886261,0.00535607337952,0.0328953266144,0.0230438709259,0.00826478004456,0.0104486942291,0.009441614151,0.000608205795288,0.00350666046143,0.00230717658997,0.00195264816284,0.0180759429932,0.00690793991089,375,374,1183,166,375,374,1183,166,29780,17280,17428
UL_LAT_BD,2017-03-03 16:14:29.736820,0.20369553566,0.0651612281799,0.00538301467896,0.0330600738525,0.0231573581696,0.00829792022705,0.0105204582214,0.00949096679688,0.000612497329712,0.00352668762207,0.00232410430908,0.00195264816284,0.0181603431702,0.00694394111633,378,377,1190,167,378,377,1190,167,30008,17412,17528
UL_LAT_BD,2017-03-03 16:14:29.838942,0.204624414444,0.0654304027557,0.00540113449097,0.0331740379333,0.0232374668121,0.00832271575928,0.0105729103088,0.00952196121216,0.000615358352661,0.00354099273682,0.0023341178894,0.00195264816284,0.0182445049286,0.00698709487915,380,379,1197,168,380,379,1197,168,30176,17508,17632
UL_LAT_BD,2017-03-03 16:14:29.940867,0.205373287201,0.0656895637512,0.0054132938385,0.0333161354065,0.0233113765717,0.00834441184998,0.0106189250946,0.00958824157715,0.000618696212769,0.0035617351532,0.00234794616699,0.00197458267212,0.0183115005493,0.00701808929443,382,381,1203,169,382,381,1203,169,30328,17596,17732
UL_LAT_BD,2017-03-03 16:14:30.042892,0.206413269043,0.066047668457,0.00543427467346,0.0334253311157,0.0233886241913,0.00836730003357,0.0106680393219,0.0096173286438,0.000622510910034,0.00357294082642,0.00235676765442,0.00197458267212,0.018479347229,0.00706505775452,384,383,1212,170,384,383,1212,170,30480,17684,17836
DL_LAT_BD,2017-03-03 16:14:30.061946,103,0,0,0
UL_LAT_BD,2017-03-03 16:14:30.145105,0.207409381866,0.0663752555847,0.00545620918274,0.0335943698883,0.0235066413879,0.00840163230896,0.0107419490814,0.00966548919678,0.000628709793091,0.00359582901001,0.00236964225769,0.00197458267212,0.0185701847076,0.00710201263428,387,386,1221,171,387,386,1221,171,30724,17832,17960
UL_LAT_BD,2017-03-03 16:14:30.246972,0.208727359772,0.0668489933014,0.00547933578491,0.0339221954346,0.0236086845398,0.00843071937561,0.0108051300049,0.00988936424255,0.000651597976685,0.00363397598267,0.00238847732544,0.00210642814636,0.0186522006989,0.00713396072388,389,388,1229,172,389,388,1229,172,30892,17928,18064
UL_LAT_BD,2017-03-03 16:14:30.349049,0.209680080414,0.0671393871307,0.00549411773682,0.0340621471405,0.0237135887146,0.00844955444336,0.0108802318573,0.00992131233215,0.000654697418213,0.00364875793457,0.00239944458008,0.00210642814636,0.0187361240387,0.00717902183533,391,390,1237,173,391,390,1237,173,31044,18016,18164
UL_LAT_BD,2017-03-03 16:14:30.450872,0.210626602173,0.0674109458923,0.00551009178162,0.0341863632202,0.0238027572632,0.00847458839417,0.010936498642,0.00995302200317,0.000658512115479,0.00366282463074,0.00241041183472,0.00210642814636,0.0188179016113,0.0072181224823,393,392,1245,174,393,392,1245,174,31212,18112,18268
UL_LAT_BD,2017-03-03 16:14:30.552887,0.211732625961,0.0677342414856,0.00553607940674,0.0343406200409,0.0239100456238,0.00850558280945,0.0110013484955,0.00999903678894,0.000662326812744,0.00368618965149,0.0024242401123,0.00210642814636,0.018923997879,0.00724697113037,396,395,1252,175,396,395,1252,175,31440,18244,18352
UL_LAT_BD,2017-03-03 16:14:30.655009,0.21260881424,0.068018913269,0.00555086135864,0.034494638443,0.0239820480347,0.00852346420288,0.0110466480255,0.0100779533386,0.000665426254272,0.00370907783508,0.00243830680847,0.00214147567749,0.0189936161041,0.00728297233582,398,397,1258,176,398,397,1258,176,31592,18332,18476
UL_LAT_BD,2017-03-03 16:14:30.756989,0.213604211807,0.0683546066284,0.00556683540344,0.0346446037292,0.0240969657898,0.00855278968811,0.0111253261566,0.0101099014282,0.000669479370117,0.00372219085693,0.00244927406311,0.00214147567749,0.0191221237183,0.00731801986694,400,399,1266,177,400,399,1266,177,31760,18428,18576
UL_LAT_BD,2017-03-03 16:14:30.859039,0.214666843414,0.0723733901978,0.00559067726135,0.0384945869446,0.0278811454773,0.00858998298645,0.0148603916168,0.0101728439331,0.000675439834595,0.00375437736511,0.00246620178223,0.00214147567749,0.0192251205444,0.00734996795654,403,402,1273,178,403,402,1273,178,32004,18568,18680
UL_LAT_BD,2017-03-03 16:14:30.960858,0.215482234955,0.0726583003998,0.00560855865479,0.03866147995,0.027969121933,0.00861382484436,0.014922618866,0.0102488994598,0.000678539276123,0.00377607345581,0.00248146057129,0.00217247009277,0.0192921161652,0.00737714767456,405,404,1279,179,405,404,1279,179,32156,18656,18764
UL_LAT_BD,2017-03-03 16:14:31.062945,0.216395139694,0.0729434490204,0.00562453269958,0.0387904644012,0.0280590057373,0.00863909721375,0.0149805545807,0.0102851390839,0.000681638717651,0.00379419326782,0.00249242782593,0.00217247009277,0.0193724632263,0.00742506980896,407,406,1287,180,407,406,1287,180,32324,18760,18868
UL_LAT_BD,2017-03-03 16:14:31.165149,0.217440366745,0.0734026432037,0.00564360618591,0.0389583110809,0.028167963028,0.00866389274597,0.0150384902954,0.0103402137756,0.000686645507812,0.003826379776,0.00250744819641,0.00217247009277,0.0194914340973,0.00756621360779,409,408,1296,181,409,408,1296,181,32476,18848,18992
UL_LAT_BD,2017-03-03 16:14:31.266968,0.220906257629,0.0737946033478,0.0057225227356,0.0391142368317,0.0282719135284,0.00869417190552,0.0151035785675,0.0103871822357,0.000690698623657,0.00384902954102,0.00252246856689,0.00217247009277,0.0196027755737,0.0076003074646,412,411,1306,182,412,411,1306,182,32704,18980,19096
DL_LAT_BD,2017-03-03 16:14:31.062747,103,0,0,0
UL_LAT_BD,2017-03-03 16:14:31.369127,0.221821546555,0.0740768909454,0.00573658943176,0.0392782688141,0.028342962265,0.00871539115906,0.0151474475861,0.0104789733887,0.000693559646606,0.0038731098175,0.00253558158875,0.00221753120422,0.019670009613,0.00763034820557,414,413,1312,183,414,413,1312,183,32856,19068,19180
UL_LAT_BD,2017-03-03 16:14:31.470869,0.222675561905,0.0743381977081,0.00575089454651,0.039407491684,0.0284440517426,0.00873947143555,0.0152194499969,0.0105059146881,0.000695705413818,0.00388216972351,0.00254464149475,0.00221753120422,0.0197350978851,0.0076732635498,416,415,1318,184,416,415,1318,184,33024,19164,19280
UL_LAT_BD,2017-03-03 16:14:31.572953,0.226095676422,0.0747263431549,0.00578188896179,0.0395257472992,0.0285232067108,0.00876379013062,0.0152704715729,0.0105421543121,0.000698804855347,0.00389885902405,0.00255584716797,0.00221753120422,0.0198323726654,0.00772047042847,418,417,1326,185,418,417,1326,185,33176,19252,19384
