UL_LAT_BD,2017-03-03 16:16:16.020811,1.38490843773,0.794594764709,0.0412304401398,0.228933572769,0.148928403854,0.0406680107117,0.0893647670746,0.0767230987549,0.00505018234253,0.0275690555573,0.0166993141174,0.0195384025574,0.140273809433,0.370708227158,2753,2747,8837,1209,2753,2747,8837,1209,218976,126860,126956
UL_LAT_BD,2017-03-03 16:16:16.122925,1.38617682457,0.794977903366,0.0412533283234,0.229151725769,0.149052381516,0.04070353508,0.0894420146942,0.0768141746521,0.00505542755127,0.0275976657867,0.016716003418,0.0195682048798,0.14036989212,0.370743274689,2756,2750,8845,1210,2756,2750,8845,1210,219220,127008,127060
UL_LAT_BD,2017-03-03 16:16:16.225129,1.38715338707,0.795255899429,0.0412673950195,0.229272603989,0.149138450623,0.0407316684723,0.0894968509674,0.0768461227417,0.00505828857422,0.0276107788086,0.0167269706726,0.0195682048798,0.140467166901,0.370782375336,2758,2752,8853,1211,2758,2752,8853,1211,219372,127096,127164
DL_LAT_BD,2017-03-03 16:16:16.062736,103,0,0,0
UL_LAT_BD,2017-03-03 16:16:16.326941,1.38812971115,0.795540571213,0.0412833690643,0.229394435883,0.149222373962,0.0407543182373,0.0895490646362,0.0768840312958,0.00506258010864,0.0276284217834,0.0167379379272,0.0195682048798,0.140560865402,0.370826244354,2760,2754,8862,1212,2760,2754,8862,1212,219540,127192,127284
UL_LAT_BD,2017-03-03 16:16:16.429052,1.38912200928,0.795926332474,0.0413262844086,0.229610204697,0.149337530136,0.0407938957214,0.0896162986755,0.0769798755646,0.00506639480591,0.0276596546173,0.016756772995,0.0196032524109,0.140640974045,0.370861291885,2763,2757,8870,1213,2763,2757,8870,1213,219768,127324,127388
UL_LAT_BD,2017-03-03 16:16:16.530820,1.39004397392,0.79629445076,0.0413434505463,0.229812383652,0.149456501007,0.0408267974854,0.0896933078766,0.0770611763,0.00507974624634,0.0276925563812,0.0167806148529,0.0196032524109,0.140732288361,0.370908260345,2765,2759,8877,1214,2765,2759,8877,1214,219920,127412,127488
UL_LAT_BD,2017-03-03 16:16:16.632918,1.39086604118,0.796765804291,0.0413596630096,0.230160236359,0.149764299393,0.0408637523651,0.0899534225464,0.0770981311798,0.0050847530365,0.0277066230774,0.0167946815491,0.0196032524109,0.140798568726,0.370942354202,2767,2761,8883,1215,2767,2761,8883,1215,220088,127508,127592
UL_LAT_BD,2017-03-03 16:16:16.735041,1.39198946953,0.797100782394,0.0413808822632,0.230314254761,0.149875402451,0.0408918857574,0.0900275707245,0.0771400928497,0.00508761405945,0.0277268886566,0.0168056488037,0.0196032524109,0.140908241272,0.370978355408,2769,2763,8891,1216,2769,2763,8891,1216,220240,127596,127692
UL_LAT_BD,2017-03-03 16:16:16.836877,1.39290904999,0.797500371933,0.0414626598358,0.230520248413,0.149995326996,0.0409257411957,0.090101480484,0.0772221088409,0.00509285926819,0.0277523994446,0.0168206691742,0.019629240036,0.140979766846,0.371012449265,2772,2766,8897,1217,2772,2766,8897,1217,220484,127736,127796
UL_LAT_BD,2017-03-03 16:16:16.939060,1.39400005341,0.797783851624,0.0414876937866,0.230638027191,0.15007519722,0.0409526824951,0.0901522636414,0.0772559642792,0.00509572029114,0.027768611908,0.0168325901031,0.019629240036,0.141076564789,0.371047496796,2774,2768,8905,1218,2774,2768,8905,1218,220636,127824,127896
UL_LAT_BD,2017-03-03 16:16:17.040812,1.39510607719,0.798108577728,0.0415055751801,0.230772972107,0.150171279907,0.0409808158875,0.0902123451233,0.0772919654846,0.0050995349884,0.0277855396271,0.0168435573578,0.019629240036,0.141188621521,0.371097564697,2776,2770,8913,1219,2776,2770,8913,1219,220804,127920,128000
UL_LAT_BD,2017-03-03 16:16:17.142952,1.39695882797,0.799531698227,0.0415256023407,0.232042789459,0.150251150131,0.0410060882568,0.0902602672577,0.0784788131714,0.00510239601135,0.0289626121521,0.0168454647064,0.019629240036,0.141276836395,0.371133565903,2778,2772,8919,1220,2778,2772,8919,1220,220956,128016,128100
DL_LAT_BD,2017-03-03 16:16:17.062743,103,0,0,0
UL_LAT_BD,2017-03-03 16:16:17.245043,1.39814972878,0.799866199493,0.0415487289429,0.232200622559,0.150371074677,0.0410397052765,0.0903344154358,0.0785119533539,0.00510740280151,0.0289807319641,0.0168485641479,0.019629240036,0.141374111176,0.371178627014,2781,2775,8927,1221,2781,2775,8927,1221,221184,128148,128204
UL_LAT_BD,2017-03-03 16:16:17.346945,1.3991727829,0.800247192383,0.0415678024292,0.232376337051,0.150470972061,0.0410685539246,0.0903966426849,0.0785849094391,0.00511169433594,0.0289947986603,0.016898393631,0.019629240036,0.141510486603,0.371216773987,2783,2777,8935,1222,2783,2777,8935,1222,221352,128244,128324
UL_LAT_BD,2017-03-03 16:16:17.449051,1.40000367165,0.80048251152,0.0415830612183,0.232475280762,0.150542974472,0.0410895347595,0.0904438495636,0.0786089897156,0.00511360168457,0.0290098190308,0.0168993473053,0.019629240036,0.141598463058,0.371245861053,2785,2779,8941,1223,2785,2779,8941,1223,221504,128332,128408
UL_LAT_BD,2017-03-03 16:16:17.550821,1.40111422539,0.801888942719,0.0416011810303,0.232608318329,0.150650978088,0.0411174297333,0.0905179977417,0.0786318778992,0.0051167011261,0.0290217399597,0.0169012546539,0.019629240036,0.14174747467,0.372340679169,2787,2781,8949,1224,2787,2781,8949,1224,221656,128420,128508
UL_LAT_BD,2017-03-03 16:16:17.652969,1.40211844444,0.802210330963,0.0416243076324,0.232761383057,0.150771141052,0.0411536693573,0.0905938148499,0.0786647796631,0.00512051582336,0.0290398597717,0.0169041156769,0.019629240036,0.141839981079,0.372382640839,2790,2784,8957,1225,2790,2784,8957,1225,221900,128560,128632
UL_LAT_BD,2017-03-03 16:16:17.755042,1.40312027931,0.80252623558,0.0416424274445,0.232923269272,0.150874137878,0.0411865711212,0.090656042099,0.0787208080292,0.005122423172,0.0290548801422,0.0169382095337,0.019629240036,0.141935110092,0.372416734695,2792,2786,8965,1226,2792,2786,8965,1226,222068,128656,128732
UL_LAT_BD,2017-03-03 16:16:17.856944,1.40387177467,0.802775621414,0.041656255722,0.233018398285,0.150947093964,0.0412106513977,0.0907020568848,0.0787408351898,0.00512433052063,0.0290658473969,0.0169403553009,0.019629240036,0.142031669617,0.372455835342,2794,2788,8972,1227,2794,2788,8972,1227,222220,128744,128856
UL_LAT_BD,2017-03-03 16:16:17.958944,1.40502333641,0.803096532822,0.0416789054871,0.233178377151,0.151067018509,0.0412447452545,0.0907759666443,0.0787777900696,0.00512838363647,0.029082775116,0.016943693161,0.019629240036,0.142128705978,0.372486829758,2797,2791,8978,1228,2797,2791,8978,1228,222448,128876,128940
UL_LAT_BD,2017-03-03 16:16:18.060821,1.40623569489,0.803523778915,0.0416948795319,0.233432531357,0.151185274124,0.0412871837616,0.0908448696136,0.0789115428925,0.00513219833374,0.029098033905,0.01695561409,0.019727230072,0.142240762711,0.372520923615,2799,2793,8986,1229,2799,2793,8986,1229,222616,128980,129044
DL_LAT_BD,2017-03-03 16:16:18.060821,103,0,0,0
