UL_LAT_BD,2017-03-03 16:14:39.732957,0.314271450043,0.112160682678,0.0100750923157,0.0520932674408,0.0362451076508,0.0110793113708,0.0200846195221,0.0151815414429,0.000993490219116,0.00560355186462,0.00369906425476,0.00320744514465,0.0363099575043,0.0110099315643,600,599,1895,265,600,599,1895,265,47632,27704,27904
UL_LAT_BD,2017-03-03 16:14:39.835095,0.316136598587,0.112448215485,0.0100929737091,0.0522074699402,0.0363261699677,0.0111033916473,0.0201334953308,0.0152125358582,0.000997543334961,0.00561761856079,0.00370907783508,0.00320744514465,0.0364236831665,0.0110418796539,602,601,1901,266,602,601,1901,266,47800,27800,28008
UL_LAT_BD,2017-03-03 16:14:39.936935,0.316923856735,0.112763404846,0.0101079940796,0.0523703098297,0.0364511013031,0.0111315250397,0.0202226638794,0.0152494907379,0.00100064277649,0.00563645362854,0.00371694564819,0.00320744514465,0.0365087985992,0.0110847949982,604,603,1909,267,604,603,1909,267,47968,27900,28108
UL_LAT_BD,2017-03-03 16:14:40.039081,0.318314313889,0.113169431686,0.0101289749146,0.052597284317,0.0365641117096,0.0111656188965,0.0202929973602,0.0153586864471,0.00100374221802,0.00565624237061,0.0037739276886,0.00322842597961,0.0366227626801,0.0111176967621,607,606,1917,268,607,606,1917,268,48196,28040,28212
UL_LAT_BD,2017-03-03 16:14:40.140864,0.319813728333,0.113431453705,0.0101470947266,0.052722454071,0.0366492271423,0.0111889839172,0.0203449726105,0.0153965950012,0.00100755691528,0.00567722320557,0.00378489494324,0.00322842597961,0.0366978645325,0.0111536979675,609,608,1924,269,609,608,1924,269,48364,28140,28312
UL_LAT_BD,2017-03-03 16:14:40.242957,0.320972681046,0.113760232925,0.0101630687714,0.0528445243835,0.0367300510406,0.0112149715424,0.020397901535,0.0154345035553,0.00101161003113,0.005695104599,0.00379610061646,0.00322842597961,0.0368466377258,0.0111856460571,611,610,1931,270,611,610,1931,270,48516,28228,28416
DL_LAT_BD,2017-03-03 16:14:40.061826,103,0,0,0
UL_LAT_BD,2017-03-03 16:14:40.345114,0.321999788284,0.114101171494,0.0101819038391,0.0530323982239,0.0368130207062,0.0112376213074,0.0204501152039,0.0155365467072,0.00101447105408,0.00572848320007,0.00382804870605,0.00325655937195,0.0369300842285,0.0112307071686,613,612,1939,271,613,612,1939,271,48684,28324,28536
UL_LAT_BD,2017-03-03 16:14:40.446994,0.323024749756,0.114863634109,0.0102028846741,0.0536434650421,0.0372951030731,0.0113954544067,0.0207624435425,0.0156645774841,0.00101947784424,0.00574970245361,0.00384116172791,0.00325655937195,0.0370171070099,0.0112628936768,616,615,1947,272,616,615,1947,272,48912,28456,28640
UL_LAT_BD,2017-03-03 16:14:40.549049,0.323848724365,0.115124464035,0.0102295875549,0.0537595748901,0.0373771190643,0.0114188194275,0.0208132266998,0.0156953334808,0.00102138519287,0.0057635307312,0.00384998321533,0.00325655937195,0.0370848178864,0.0113050937653,618,617,1953,273,618,617,1953,273,49080,28552,28740
UL_LAT_BD,2017-03-03 16:14:40.650865,0.324703454971,0.11540722847,0.0102834701538,0.0538635253906,0.0374491214752,0.011442899704,0.0208561420441,0.0157253742218,0.00102519989014,0.00577878952026,0.00385999679565,0.00325655937195,0.0371627807617,0.0113422870636,620,619,1960,274,620,619,1960,274,49232,28640,28844
UL_LAT_BD,2017-03-03 16:14:40.753014,0.325566768646,0.115713357925,0.0102994441986,0.0540344715118,0.0375511646271,0.0114707946777,0.0209262371063,0.0157902240753,0.0010290145874,0.00580191612244,0.00387406349182,0.00327944755554,0.0372409820557,0.0113742351532,622,621,1967,275,622,621,1967,275,49400,28736,28944
UL_LAT_BD,2017-03-03 16:14:40.855103,0.326600074768,0.116058111191,0.0103363990784,0.0542192459106,0.0376670360565,0.0115039348602,0.0209982395172,0.0158548355103,0.00103282928467,0.00582480430603,0.00389313697815,0.00327944755554,0.0373222827911,0.0114073753357,625,624,1976,276,625,624,1976,276,49628,28868,29048
UL_LAT_BD,2017-03-03 16:14:40.956964,0.328048229218,0.116385221481,0.0103535652161,0.0543591976166,0.0377762317657,0.0115268230438,0.0210769176483,0.0158836841583,0.00103569030762,0.00583863258362,0.00390005111694,0.00327944755554,0.0374126434326,0.0114774703979,627,626,1984,277,627,626,1984,277,49796,28964,29148
UL_LAT_BD,2017-03-03 16:14:41.059075,0.328834056854,0.116672992706,0.0103678703308,0.0545175075531,0.03786444664,0.0115482807159,0.021137714386,0.0159516334534,0.00103855133057,0.00585842132568,0.00391316413879,0.00330543518066,0.0374894142151,0.0115094184875,629,628,1990,278,629,628,1990,278,49948,29052,29252
UL_LAT_BD,2017-03-03 16:14:41.160754,0.329661607742,0.11691737175,0.010381937027,0.0546314716339,0.0379452705383,0.0115714073181,0.021187543869,0.0159823894501,0.00104141235352,0.00587344169617,0.00392317771912,0.00330543518066,0.0375649929047,0.0115435123444,631,630,1997,279,631,630,1997,279,50116,29156,29352
DL_LAT_BD,2017-03-03 16:14:41.061834,103,0,0,0
UL_LAT_BD,2017-03-03 16:14:41.262956,0.330654144287,0.117223024368,0.0104026794434,0.0547826290131,0.0380516052246,0.0116064548492,0.0212552547455,0.0160241127014,0.00104522705078,0.00589060783386,0.00393915176392,0.00330543518066,0.0376579761505,0.0115764141083,634,633,2004,280,634,633,2004,280,50344,29288,29456
UL_LAT_BD,2017-03-03 16:14:41.365241,0.331542015076,0.117476701736,0.0104207992554,0.054901599884,0.0381348133087,0.0116312503815,0.0213060379028,0.016058921814,0.00104808807373,0.00590777397156,0.00394916534424,0.00330543518066,0.0377252101898,0.0116183757782,636,635,2010,281,636,635,2010,281,50512,29384,29556
UL_LAT_BD,2017-03-03 16:14:41.465859,0.332363843918,0.117834329605,0.0104358196259,0.0551333427429,0.0382776260376,0.0117104053497,0.0213620662689,0.0161459445953,0.00105237960815,0.00593614578247,0.00396704673767,0.00333428382874,0.0377969741821,0.0116505622864,638,637,2017,282,638,637,2017,282,50664,29472,29660
UL_LAT_BD,2017-03-03 16:14:41.568943,0.333405971527,0.118171453476,0.0104608535767,0.0552985668182,0.03839635849,0.0117447376251,0.0214388370514,0.0161881446838,0.001056432724,0.00595378875732,0.00398111343384,0.00333428382874,0.0378739833832,0.0116837024689,641,640,2023,283,641,640,2023,283,50908,29612,29760
UL_LAT_BD,2017-03-03 16:14:41.670861,0.33425116539,0.118434429169,0.0104777812958,0.0554265975952,0.03848528862,0.0117712020874,0.0214927196503,0.0162250995636,0.00106048583984,0.00597190856934,0.00399208068848,0.00333428382874,0.0379412174225,0.0117266178131,643,642,2029,284,643,642,2029,284,51076,29708,29864
UL_LAT_BD,2017-03-03 16:14:41.772965,0.335062026978,0.118707895279,0.0104899406433,0.0555684566498,0.0385591983795,0.0117948055267,0.021538734436,0.0162920951843,0.00106358528137,0.00599193572998,0.00400614738464,0.00335812568665,0.0380177497864,0.0117597579956,645,644,2037,285,645,644,2037,285,51228,29796,29964
UL_LAT_BD,2017-03-03 16:14:41.873978,0.336345911026,0.119014024734,0.0105159282684,0.0557353496552,0.0386731624603,0.0118298530579,0.0216088294983,0.0163421630859,0.00107073783875,0.00601577758789,0.00402045249939,0.00335812568665,0.0380921363831,0.0117878913879,650,647,2042,286,650,647,2042,286,51552,29944,30056
UL_LAT_BD,2017-03-03 16:14:41.976818,0.337823629379,0.119359493256,0.0105469226837,0.0559215545654,0.0387651920319,0.0118539333344,0.0216655731201,0.0164301395416,0.00107574462891,0.00604462623596,0.0040397644043,0.00338220596313,0.0381743907928,0.0118219852448,655,651,2049,287,655,651,2049,287,51928,30116,30168
DL_LAT_BD,2017-03-03 16:14:41.861824,106,0,0,0
DL_LAT_BD,2017-03-03 16:14:42.061840,103,0,0,0
UL_LAT_BD,2017-03-03 16:14:42.079034,0.338753461838,0.119642019272,0.0105626583099,0.0560474395752,0.0388491153717,0.0118787288666,0.0217182636261,0.0164711475372,0.00107860565186,0.0060658454895,0.00405168533325,0.00338220596313,0.0382723808289,0.0118548870087,657,653,2056,288,657,653,2056,288,52096,30220,30272
