UL_LAT_BD,2017-03-03 16:15:28.795145,0.858404636383,0.607983589172,0.0263795852661,0.139143228531,0.0911774635315,0.0253512859344,0.0530996322632,0.0459413528442,0.00294280052185,0.015233039856,0.0104146003723,0.0124695301056,0.086612701416,0.347341060638,1704,1698,5417,746,1704,1698,5417,746,135176,78344,78548
UL_LAT_BD,2017-03-03 16:15:28.896921,0.859371900558,0.608360528946,0.0264544487,0.139259338379,0.0912582874298,0.0253753662109,0.0531485080719,0.045975446701,0.00294709205627,0.0152499675751,0.0104234218597,0.0124695301056,0.0867319107056,0.347396850586,1706,1700,5424,747,1706,1700,5424,747,135344,78440,78648
UL_LAT_BD,2017-03-03 16:15:28.999116,0.860466480255,0.608721494675,0.0264754295349,0.139481067657,0.0913670063019,0.0254092216492,0.0532171726227,0.0460865497589,0.00296592712402,0.0152790546417,0.0104424953461,0.0125045776367,0.0868031978607,0.347433805466,1709,1703,5430,748,1709,1703,5430,748,135572,78572,78752
UL_LAT_BD,2017-03-03 16:15:29.100785,0.861388444901,0.608986139297,0.0264873504639,0.139580965042,0.0914380550385,0.0254282951355,0.0532610416412,0.0461144447327,0.00296878814697,0.0152912139893,0.0104525089264,0.0125045776367,0.0868873596191,0.347490787506,1711,1705,5437,749,1711,1705,5437,749,135724,78668,78856
DL_LAT_BD,2017-03-03 16:15:29.062739,103,0,0,0
UL_LAT_BD,2017-03-03 16:15:29.202953,0.864660024643,0.609275817871,0.026504278183,0.139693021774,0.0915172100067,0.025452375412,0.05330991745,0.0461454391479,0.00297164916992,0.0153052806854,0.0104613304138,0.0125045776367,0.0870079994202,0.347522735596,1713,1707,5445,750,1713,1707,5445,750,135892,78764,78960
UL_LAT_BD,2017-03-03 16:15:29.305107,0.865716457367,0.609631299973,0.0265202522278,0.139907121658,0.091587305069,0.0254724025726,0.0533530712128,0.0462863445282,0.00297451019287,0.0153284072876,0.0104813575745,0.0125935077667,0.0870893001556,0.347558736801,1715,1709,5452,751,1715,1709,5452,751,136044,78852,79060
UL_LAT_BD,2017-03-03 16:15:29.406923,0.867271184921,0.609945297241,0.0265426635742,0.140068769455,0.0917041301727,0.0255031585693,0.0534248352051,0.0463283061981,0.00297880172729,0.015346288681,0.0104954242706,0.0125935077667,0.0871784687042,0.347589731216,1718,1712,5460,752,1718,1712,5460,752,136288,78992,79164
UL_LAT_BD,2017-03-03 16:15:29.509043,0.868216991425,0.610209226608,0.0265567302704,0.140186786652,0.0917811393738,0.0255274772644,0.0534727573395,0.0463664531708,0.00298094749451,0.0153653621674,0.0105063915253,0.0125935077667,0.0872704982758,0.347621679306,1720,1714,5469,753,1720,1714,5469,753,136440,79080,79264
UL_LAT_BD,2017-03-03 16:15:29.610821,0.869107961655,0.610494852066,0.0265707969666,0.140314817429,0.0918762683868,0.0255510807037,0.0535387992859,0.0463984012604,0.00298285484314,0.0153803825378,0.0105164051056,0.0125935077667,0.0873551368713,0.347672700882,1722,1716,5476,754,1722,1716,5476,754,136608,79176,79368
UL_LAT_BD,2017-03-03 16:15:29.712967,0.869941234589,0.610791921616,0.0265846252441,0.140481710434,0.0919623374939,0.0255739688873,0.053591966629,0.0464773178101,0.00298762321472,0.0154044628143,0.0105304718018,0.0126216411591,0.0874223709106,0.347710847855,1724,1718,5482,755,1724,1718,5482,755,136760,79264,79488
UL_LAT_BD,2017-03-03 16:15:29.815127,0.870996952057,0.611103057861,0.0266084671021,0.140644788742,0.0920803546906,0.0256102085114,0.05366563797,0.0465195178986,0.00299072265625,0.0154223442078,0.010543346405,0.0126216411591,0.087507724762,0.34774184227,1727,1721,5489,756,1727,1721,5489,756,137004,79404,79592
UL_LAT_BD,2017-03-03 16:15:29.916925,0.872155427933,0.611352920532,0.0266265869141,0.140749692917,0.0921514034271,0.0256319046021,0.0537118911743,0.0465505123138,0.00299263000488,0.0154364109039,0.010552406311,0.0126216411591,0.0875928401947,0.347775697708,1729,1723,5497,757,1729,1723,5497,757,137156,79492,79692
UL_LAT_BD,2017-03-03 16:15:30.019051,0.872963905334,0.611713647842,0.026638507843,0.140962839127,0.0922305583954,0.0256547927856,0.0537610054016,0.0466825962067,0.00299572944641,0.0154602527618,0.0105645656586,0.0127115249634,0.08766746521,0.347827672958,1731,1725,5504,758,1731,1725,5504,758,137308,79580,79796
DL_LAT_BD,2017-03-03 16:15:30.062740,103,0,0,0
UL_LAT_BD,2017-03-03 16:15:30.120845,0.873930692673,0.612061977386,0.0267214775085,0.141109704971,0.0923323631287,0.0256848335266,0.0538229942322,0.0467247962952,0.00299882888794,0.0154812335968,0.0105764865875,0.0127115249634,0.0877456665039,0.347859859467,1733,1727,5510,759,1733,1727,5510,759,137476,79684,79900
UL_LAT_BD,2017-03-03 16:15:30.222967,0.874946832657,0.612389802933,0.0267434120178,0.141286611557,0.0924592018127,0.0257248878479,0.0539019107819,0.0467720031738,0.00300312042236,0.0155000686646,0.0105924606323,0.0127115249634,0.0878291130066,0.347893714905,1736,1730,5518,760,1736,1730,5518,760,137720,79824,80004
UL_LAT_BD,2017-03-03 16:15:30.325159,0.875883579254,0.6126704216,0.0267565250397,0.141400337219,0.0925340652466,0.0257456302643,0.0539481639862,0.0468080043793,0.00301027297974,0.0155169963837,0.0106024742126,0.0127115249634,0.0879371166229,0.347933769226,1738,1732,5525,761,1738,1732,5525,761,137872,79912,80104
UL_LAT_BD,2017-03-03 16:15:30.426931,0.876743555069,0.612987041473,0.0267715454102,0.141576290131,0.0926411151886,0.025773525238,0.0540235042572,0.0468759536743,0.00301313400269,0.0155389308929,0.0106172561646,0.0127334594727,0.0880212783813,0.34796667099,1740,1734,5532,762,1740,1734,5532,762,138040,80008,80208
UL_LAT_BD,2017-03-03 16:15:30.529042,0.877981424332,0.613353967667,0.0267925262451,0.141755342484,0.0927672386169,0.0258119106293,0.0541014671326,0.0469269752502,0.00301814079285,0.0155599117279,0.0106332302094,0.0127334594727,0.0881428718567,0.347999811172,1743,1737,5539,763,1743,1737,5539,763,138268,80140,80308
UL_LAT_BD,2017-03-03 16:15:30.630860,0.878842353821,0.613604307175,0.0268075466156,0.141862154007,0.0928401947021,0.0258326530457,0.0541455745697,0.0469598770142,0.00302124023438,0.0155737400055,0.0106422901154,0.0127334594727,0.0882272720337,0.348035812378,1745,1739,5547,764,1745,1739,5547,764,138420,80228,80412
UL_LAT_BD,2017-03-03 16:15:30.732951,0.880524873734,0.613933324814,0.0268225669861,0.142037153244,0.092930316925,0.0258586406708,0.0542030334473,0.0470428466797,0.00302505493164,0.0155999660492,0.0106592178345,0.0127644538879,0.0883111953735,0.348083734512,1747,1741,5553,765,1747,1741,5553,765,138588,80324,80532
UL_LAT_BD,2017-03-03 16:15:30.835110,0.882007598877,0.614273071289,0.0269136428833,0.142143249512,0.0930023193359,0.0258779525757,0.0542478561401,0.0470750331879,0.00302815437317,0.0156147480011,0.0106692314148,0.0127644538879,0.0883948802948,0.348136901855,1749,1743,5560,766,1749,1743,5560,766,138740,80412,80636
