UL_LAT_BD,2017-03-03 16:15:46.746935,1.05251336098,0.676544904709,0.0312552452087,0.173450708389,0.111318349838,0.0304865837097,0.0643603801727,0.0596704483032,0.00369429588318,0.0215713977814,0.0127108097076,0.0156288146973,0.10716509819,0.354154586792,2103,2097,6711,922,2103,2097,6711,922,167196,96868,96992
UL_LAT_BD,2017-03-03 16:15:46.849051,1.05361628532,0.681809663773,0.0312712192535,0.173553705215,0.111399173737,0.0305097103119,0.0644102096558,0.0596907138824,0.0036985874176,0.0215830802917,0.0127108097076,0.0156288146973,0.107261180878,0.359196662903,2105,2099,6720,923,2105,2099,6720,923,167364,96964,97096
UL_LAT_BD,2017-03-03 16:15:46.950842,1.05509924889,0.682073831558,0.0312933921814,0.1736536026,0.111474990845,0.0305335521698,0.0644569396973,0.0597107410431,0.00370144844055,0.0215940475464,0.0127127170563,0.0156288146973,0.107338428497,0.35925078392,2107,2101,6728,924,2107,2101,6728,924,167516,97052,97196
UL_LAT_BD,2017-03-03 16:15:47.052941,1.05623602867,0.682473659515,0.0313174724579,0.173864603043,0.111595869064,0.0305693149567,0.064532995224,0.0597968101501,0.00370669364929,0.0216329097748,0.0127484798431,0.0156288146973,0.107460260391,0.359283924103,2110,2104,6737,925,2110,2104,6737,925,167760,97192,97300
UL_LAT_BD,2017-03-03 16:15:47.155096,1.05710196495,0.683201789856,0.0313296318054,0.174445390701,0.112153768539,0.0310728549957,0.0645802021027,0.0598187446594,0.00371074676514,0.0216448307037,0.0127506256104,0.0156288146973,0.107543230057,0.359327077866,2112,2106,6745,926,2112,2106,6745,926,167912,97288,97424
DL_LAT_BD,2017-03-03 16:15:47.062750,103,0,0,0
UL_LAT_BD,2017-03-03 16:15:47.256925,1.05816817284,0.683476686478,0.0313487052917,0.174559593201,0.112243890762,0.0310969352722,0.0646350383759,0.059841632843,0.00371360778809,0.0216588973999,0.012752532959,0.0156288146973,0.107638597488,0.359365940094,2114,2108,6752,927,2114,2108,6752,927,168080,97384,97528
UL_LAT_BD,2017-03-03 16:15:47.359051,1.05941557884,0.683916091919,0.0313696861267,0.174830675125,0.112350940704,0.0311291217804,0.064701795578,0.0600035190582,0.00371861457825,0.021678686142,0.0127663612366,0.0157449245453,0.107738494873,0.359400987625,2117,2111,6760,928,2117,2111,6760,928,168308,97516,97628
UL_LAT_BD,2017-03-03 16:15:47.460835,1.06025528908,0.684305906296,0.0313844680786,0.175087690353,0.112440824509,0.0311570167542,0.0647566318512,0.0601675510406,0.00372290611267,0.0216963291168,0.0127832889557,0.0158648490906,0.107812643051,0.359435081482,2119,2113,6767,929,2119,2113,6767,929,168476,97612,97732
UL_LAT_BD,2017-03-03 16:15:47.563001,1.06110167503,0.684600353241,0.0313997268677,0.17520570755,0.112510919571,0.0311779975891,0.0648014545441,0.0602145195007,0.00372505187988,0.021701335907,0.0128171443939,0.0158648490906,0.107919931412,0.359477043152,2121,2115,6774,930,2121,2115,6774,930,168628,97700,97852
UL_LAT_BD,2017-03-03 16:15:47.665072,1.06202101707,0.685400485992,0.0314147472382,0.175878763199,0.113148927689,0.0312230587006,0.0653884410858,0.0602457523346,0.00373029708862,0.0217094421387,0.0128309726715,0.0158648490906,0.107996225357,0.359506130219,2123,2117,6781,931,2123,2117,6781,931,168780,97788,97936
UL_LAT_BD,2017-03-03 16:15:47.766932,1.06330871582,0.685729026794,0.0314445495605,0.176035642624,0.11326789856,0.0312550067902,0.0654633045197,0.0602807998657,0.00373339653015,0.0217182636261,0.012845993042,0.0158648490906,0.108085155487,0.35955119133,2126,2120,6789,932,2126,2120,6789,932,169024,97928,98036
UL_LAT_BD,2017-03-03 16:15:47.869063,1.06427073479,0.686003684998,0.0314605236053,0.176165342331,0.113364696503,0.0312805175781,0.0655233860016,0.060311794281,0.00373864173889,0.0217301845551,0.0128569602966,0.0158648490906,0.108169078827,0.35958814621,2128,2122,6796,933,2128,2122,6796,933,169192,98024,98140
UL_LAT_BD,2017-03-03 16:15:47.970843,1.06544828415,0.686262845993,0.031477689743,0.176271438599,0.113434791565,0.0313003063202,0.0655672550201,0.0603449344635,0.00374174118042,0.0217459201813,0.0128660202026,0.0158648490906,0.108265399933,0.359620094299,2130,2124,6805,934,2130,2124,6805,934,169344,98112,98240
DL_LAT_BD,2017-03-03 16:15:48.062664,103,0,0,0
UL_LAT_BD,2017-03-03 16:15:48.072943,1.06648564339,0.686552762985,0.0314905643463,0.176419496536,0.113506793976,0.0313222408295,0.0656125545502,0.0604190826416,0.00374388694763,0.0217661857605,0.0128788948059,0.0158958435059,0.108352422714,0.359653234482,2132,2126,6813,935,2132,2126,6813,935,169496,98208,98344
UL_LAT_BD,2017-03-03 16:15:48.175133,1.06760406494,0.686990022659,0.0315687656403,0.176645755768,0.1136739254,0.0313646793365,0.0656962394714,0.0604763031006,0.00375175476074,0.0217905044556,0.0128948688507,0.0158958435059,0.108437538147,0.359693288803,2135,2129,6820,936,2135,2129,6820,936,169740,98348,98444
UL_LAT_BD,2017-03-03 16:15:48.276939,1.06843781471,0.68722319603,0.0315866470337,0.17675280571,0.113745927811,0.0313856601715,0.0657410621643,0.0605103969574,0.00375485420227,0.0218086242676,0.012904882431,0.0158958435059,0.108502626419,0.359730243683,2137,2131,6826,937,2137,2131,6826,937,169892,98436,98568
UL_LAT_BD,2017-03-03 16:15:48.379048,1.06935405731,0.687568902969,0.0316026210785,0.176941871643,0.113840103149,0.031409740448,0.0658049583435,0.0606033802032,0.00375866889954,0.0218327045441,0.0129189491272,0.0159437656403,0.108592510223,0.359773159027,2139,2133,6834,938,2139,2133,6834,938,170060,98532,98668
UL_LAT_BD,2017-03-03 16:15:48.480820,1.07027745247,0.687890291214,0.0316596031189,0.177060127258,0.113918304443,0.031432390213,0.0658538341522,0.0606400966644,0.00376152992249,0.0218517780304,0.0129299163818,0.0159437656403,0.108686923981,0.359811306,2141,2135,6841,939,2141,2135,6841,939,170212,98620,98772
UL_LAT_BD,2017-03-03 16:15:48.582950,1.07122039795,0.688231945038,0.0316827297211,0.177260398865,0.114072561264,0.031485080719,0.0659472942352,0.0606842041016,0.00376629829407,0.0218698978424,0.0129427909851,0.0159437656403,0.10876250267,0.359845161438,2144,2138,6848,940,2144,2138,6848,940,170456,98760,98872
UL_LAT_BD,2017-03-03 16:15:48.685129,1.07210683823,0.688477516174,0.0316970348358,0.177366256714,0.114142417908,0.0315070152283,0.0659902095795,0.0607192516327,0.0037693977356,0.0218868255615,0.0129518508911,0.0159437656403,0.108846664429,0.359879255295,2146,2140,6855,941,2146,2140,6855,941,170608,98848,98976
