UL_LAT_BD,2017-03-03 16:14:52.686922,0.459286212921,0.165129423141,0.015736579895,0.0781519412994,0.0524356365204,0.0150287151337,0.0313060283661,0.0247278213501,0.00147080421448,0.00825667381287,0.00556492805481,0.00690698623657,0.0513815879822,0.0159363746643,893,889,2822,392,893,889,2822,392,70880,41104,41320
UL_LAT_BD,2017-03-03 16:14:52.789097,0.462471008301,0.165708303452,0.0157516002655,0.0782709121704,0.0525145530701,0.0150508880615,0.0313551425934,0.0247650146484,0.00147390365601,0.0082745552063,0.00557589530945,0.00690698623657,0.0517065525055,0.0159714221954,895,891,2831,393,895,891,2831,393,71032,41192,41420
UL_LAT_BD,2017-03-03 16:14:52.890878,0.463225364685,0.165977716446,0.0157713890076,0.0784029960632,0.0526056289673,0.0150761604309,0.0314121246338,0.0248031616211,0.00147819519043,0.00829362869263,0.00558686256409,0.00690698623657,0.0517711639404,0.0160174369812,897,893,2837,394,897,893,2837,394,71200,41288,41524
UL_LAT_BD,2017-03-03 16:14:52.993012,0.464573383331,0.166274547577,0.0157864093781,0.0785639286041,0.0526905059814,0.0151069164276,0.0314621925354,0.024875164032,0.00148105621338,0.00831460952759,0.00559997558594,0.00693607330322,0.0518519878387,0.0160503387451,899,895,2845,395,899,895,2845,395,71352,41376,41628
UL_LAT_BD,2017-03-03 16:14:53.095091,0.465723514557,0.166593313217,0.0158083438873,0.0787229537964,0.0528044700623,0.0151386260986,0.0315344333649,0.0249180793762,0.00148487091064,0.00833296775818,0.00561499595642,0.00693607330322,0.0519461631775,0.0160844326019,902,898,2854,396,902,898,2854,396,71596,41524,41732
DL_LAT_BD,2017-03-03 16:14:53.062086,103,0,0,0
UL_LAT_BD,2017-03-03 16:14:53.196920,0.466645240784,0.16686463356,0.0158221721649,0.0788559913635,0.0528976917267,0.015166759491,0.0315911769867,0.0249540805817,0.00148868560791,0.00835108757019,0.00562620162964,0.00693607330322,0.0520272254944,0.0161175727844,904,900,2862,397,904,900,2862,397,71764,41620,41832
UL_LAT_BD,2017-03-03 16:14:53.298997,0.467504739761,0.167186737061,0.015837430954,0.0790209770203,0.0529887676239,0.0151908397675,0.0316529273987,0.0250248908997,0.00149345397949,0.00837302207947,0.00563907623291,0.00696229934692,0.0521242618561,0.0161545276642,906,902,2868,398,906,902,2868,398,71916,41708,41936
UL_LAT_BD,2017-03-03 16:14:53.400861,0.46834230423,0.167464256287,0.0158543586731,0.0791480541229,0.0530707836151,0.0152139663696,0.0317027568817,0.0250680446625,0.00149750709534,0.00839614868164,0.00565004348755,0.00696229934692,0.0522170066833,0.0161855220795,908,904,2875,399,908,904,2875,399,72068,41796,42036
UL_LAT_BD,2017-03-03 16:14:53.503029,0.470150232315,0.16780591011,0.0158791542053,0.07932305336,0.0532009601593,0.0152559280396,0.0317842960358,0.0251109600067,0.00150156021118,0.00841307640076,0.00566506385803,0.00696229934692,0.052307844162,0.0162243843079,911,907,2882,400,911,907,2882,400,72312,41936,42160
UL_LAT_BD,2017-03-03 16:14:53.605065,0.471282243729,0.168182373047,0.0160160064697,0.0794339179993,0.0532777309418,0.0152797698975,0.0318331718445,0.0251421928406,0.00150489807129,0.00842809677124,0.00567412376404,0.00696229934692,0.0523858070374,0.0162644386292,913,909,2888,401,913,909,2888,401,72464,42024,42260
UL_LAT_BD,2017-03-03 16:14:53.706922,0.472168207169,0.168540000916,0.0160329341888,0.0796287059784,0.0533895492554,0.0153098106384,0.0319061279297,0.0252251625061,0.00150799751282,0.00845503807068,0.00569105148315,0.00699019432068,0.0524806976318,0.0163044929504,915,911,2895,402,915,911,2895,402,72632,42120,42364
UL_LAT_BD,2017-03-03 16:14:53.809048,0.473205089569,0.16886806488,0.0160610675812,0.0797989368439,0.0535125732422,0.0153470039368,0.0319802761078,0.0252702236176,0.00151228904724,0.00847363471985,0.00570392608643,0.00699019432068,0.052565574646,0.0163414478302,918,914,2902,403,918,914,2902,403,72876,42260,42484
UL_LAT_BD,2017-03-03 16:14:53.910816,0.473935604095,0.169105291367,0.0160751342773,0.0799038410187,0.0535845756531,0.0153691768646,0.0320250988007,0.0253009796143,0.00151515007019,0.00848865509033,0.00571393966675,0.00699019432068,0.0526278018951,0.016387462616,920,916,2907,404,920,916,2907,404,73028,42348,42588
UL_LAT_BD,2017-03-03 16:14:54.012997,0.474836111069,0.169553041458,0.0160899162292,0.0800828933716,0.0536916255951,0.0153954029083,0.0320982933044,0.0253701210022,0.00151944160461,0.00851154327393,0.00573015213013,0.00701308250427,0.0528266429901,0.0164334774017,922,918,2915,405,922,918,2915,405,73196,42444,42708
DL_LAT_BD,2017-03-03 16:14:54.062112,103,0,0,0
UL_LAT_BD,2017-03-03 16:14:54.115063,0.475941896439,0.169866085052,0.016105890274,0.0802130699158,0.0537786483765,0.0154206752777,0.0321502685547,0.0254101753235,0.00152659416199,0.00852847099304,0.00574111938477,0.00701308250427,0.0529427528381,0.0164773464203,924,920,2924,406,924,920,2924,406,73348,42540,42832
UL_LAT_BD,2017-03-03 16:14:54.216925,0.477005958557,0.17040014267,0.0161278247833,0.0805613994598,0.0539457798004,0.0154638290405,0.0322604179382,0.0255720615387,0.00153255462646,0.00856447219849,0.00576090812683,0.00701308250427,0.0530638694763,0.0165092945099,927,923,2930,407,927,923,2930,407,73592,42680,42932
UL_LAT_BD,2017-03-03 16:14:54.319048,0.477965116501,0.170697927475,0.0161406993866,0.0806953907013,0.0540406703949,0.0154917240143,0.0323214530945,0.025609254837,0.00153660774231,0.00858235359192,0.00577187538147,0.00701308250427,0.0531432628632,0.0165703296661,929,925,2937,408,929,925,2937,408,73744,42768,43036
UL_LAT_BD,2017-03-03 16:14:54.420854,0.478820085526,0.17099738121,0.0161566734314,0.0808453559875,0.0541214942932,0.0155148506165,0.0323712825775,0.0256772041321,0.00153970718384,0.0086042881012,0.00578474998474,0.00703811645508,0.0532157421112,0.016624212265,931,927,2944,409,931,927,2944,409,73912,42864,43136
UL_LAT_BD,2017-03-03 16:14:54.522957,0.4796667099,0.171261310577,0.0161716938019,0.0809552669525,0.0541994571686,0.0155377388,0.0324192047119,0.0257081985474,0.00154256820679,0.00861620903015,0.00579571723938,0.00703811645508,0.0533108711243,0.0166614055634,933,929,2951,410,933,929,2951,410,74064,42952,43260
UL_LAT_BD,2017-03-03 16:14:54.625162,0.480645656586,0.17159986496,0.0161926746368,0.0811474323273,0.05433344841,0.0155801773071,0.0325012207031,0.0257623195648,0.00154852867126,0.00864315032959,0.00581073760986,0.00703811645508,0.0533967018127,0.016693353653,936,932,2958,411,936,932,2958,411,74308,43092,43360
UL_LAT_BD,2017-03-03 16:14:54.726921,0.481515884399,0.172757863998,0.0162065029144,0.0821723937988,0.0552313327789,0.0156102180481,0.0325622558594,0.0258872509003,0.00155472755432,0.00867414474487,0.00582981109619,0.00709819793701,0.0534737110138,0.0167253017426,938,934,2966,412,938,934,2966,412,74460,43180,43464
UL_LAT_BD,2017-03-03 16:14:54.829041,0.483523845673,0.173017263412,0.0162253379822,0.082287311554,0.0553114414215,0.0156331062317,0.0326125621796,0.0259201526642,0.00155758857727,0.00869107246399,0.00583982467651,0.00709819793701,0.0535545349121,0.0167582035065,940,936,2975,413,940,936,2975,413,74628,43276,43564
UL_LAT_BD,2017-03-03 16:14:54.930855,0.484821081161,0.173261165619,0.0162372589111,0.0823872089386,0.0553805828094,0.0156538486481,0.0326566696167,0.0259480476379,0.0015594959259,0.00870203971863,0.00584888458252,0.00709819793701,0.0536396503448,0.0167992115021,942,938,2981,414,942,938,2981,414,74780,43364,43668
UL_LAT_BD,2017-03-03 16:14:55.032992,0.485890388489,0.1735932827,0.0162613391876,0.0825564861298,0.0554928779602,0.015686750412,0.0327277183533,0.0260031223297,0.00156450271606,0.00872898101807,0.005863904953,0.00709819793701,0.0537185668945,0.0168483257294,945,941,2989,415,945,941,2989,415,75008,43496,43768
