UL_LAT_BD,2017-03-03 16:17:57.657925,2.53549575806,1.18826818466,0.0775096416473,0.417747020721,0.267393112183,0.0772795677185,0.162359714508,0.14431476593,0.00929045677185,0.0503549575806,0.0306243896484,0.0367965698242,0.242886543274,0.42370223999,5006,5014,15539,2218,5006,5014,15539,2218,398664,239680,242832
UL_LAT_BD,2017-03-03 16:17:57.760004,2.54022860527,1.18858385086,0.0775258541107,0.417877197266,0.267487049103,0.0773069858551,0.162417650223,0.144347906113,0.0092945098877,0.0503687858582,0.030636548996,0.0367965698242,0.24299955368,0.423751354218,5008,5016,15545,2219,5008,5016,15545,2219,398832,239776,242932
UL_LAT_BD,2017-03-03 16:17:57.861868,2.54116725922,1.18897032738,0.0776078701019,0.418048143387,0.267600774765,0.0773391723633,0.162486553192,0.144404172897,0.00930047035217,0.0503966808319,0.0306503772736,0.0367965698242,0.243079185486,0.423793315887,5011,5019,15551,2220,5011,5019,15551,2220,399060,239908,243036
UL_LAT_BD,2017-03-03 16:17:57.964109,2.54204511642,1.18925046921,0.0776269435883,0.418198347092,0.267684936523,0.0773642063141,0.162538290024,0.144470214844,0.00930452346802,0.050416469574,0.0306634902954,0.0368204116821,0.243146896362,0.423828363419,5013,5021,15557,2221,5013,5021,15557,2221,399228,240004,243136
UL_LAT_BD,2017-03-03 16:17:58.065753,2.54395627975,1.18954348564,0.0776438713074,0.418317556381,0.267767906189,0.0773878097534,0.16259264946,0.144504308701,0.00930762290955,0.0504333972931,0.0306735038757,0.0368204116821,0.243258953094,0.423861265182,5015,5023,15566,2222,5015,5023,15566,2222,399396,240100,243240
UL_LAT_BD,2017-03-03 16:17:58.167983,2.54466032982,1.1898651123,0.0776579380035,0.41846036911,0.267872810364,0.0774137973785,0.162663936615,0.144540309906,0.00931167602539,0.050448179245,0.0306851863861,0.0368204116821,0.243381977081,0.423895120621,5017,5025,15572,2223,5017,5025,15572,2223,399548,240196,243340
DL_LAT_BD,2017-03-03 16:17:58.061971,103,0,0,0
UL_LAT_BD,2017-03-03 16:17:58.270100,2.54605865479,1.19023895264,0.0776858329773,0.418668270111,0.268014669418,0.0774569511414,0.162753105164,0.144600391388,0.00931859016418,0.0504772663116,0.0307042598724,0.0368204116821,0.243477106094,0.423928976059,5020,5028,15579,2224,5020,5028,15579,2224,399792,240336,243444
UL_LAT_BD,2017-03-03 16:17:58.371903,2.54693841934,1.19059491158,0.0777008533478,0.418897151947,0.268076658249,0.0774767398834,0.162791967392,0.14476442337,0.00932145118713,0.050496339798,0.0307161808014,0.0369455814362,0.243552207947,0.423962116241,5022,5030,15585,2225,5022,5030,15585,2225,399928,240416,243544
UL_LAT_BD,2017-03-03 16:17:58.474038,2.54769563675,1.19084596634,0.0777199268341,0.419034481049,0.268174886703,0.0775082111359,0.162848711014,0.144801139832,0.00932550430298,0.0505151748657,0.0307252407074,0.0369455814362,0.24360704422,0.42399597168,5024,5032,15589,2226,5024,5032,15589,2226,400112,240528,243644
UL_LAT_BD,2017-03-03 16:17:58.575852,2.54853582382,1.19106316566,0.0777339935303,0.419145584106,0.26825094223,0.0775332450867,0.162895441055,0.14483332634,0.00932741165161,0.0505301952362,0.0307343006134,0.0369455814362,0.243660211563,0.424031019211,5026,5034,15593,2227,5026,5034,15593,2227,400264,240616,243744
UL_LAT_BD,2017-03-03 16:17:58.677958,2.54977726936,1.1915128231,0.077755689621,0.419414758682,0.268366098404,0.0775663852692,0.162966012955,0.144986391068,0.00933241844177,0.0505590438843,0.0307502746582,0.0370404720306,0.243761062622,0.424079179764,5029,5037,15599,2228,5029,5037,15599,2228,400492,240748,243868
UL_LAT_BD,2017-03-03 16:17:58.780103,2.55068516731,1.191801548,0.0777735710144,0.419547557831,0.268460988998,0.07759308815,0.163027048111,0.145023345947,0.00933527946472,0.0505771636963,0.0307621955872,0.0370404720306,0.243859052658,0.424112081528,5031,5039,15607,2229,5031,5039,15607,2229,400660,240844,243968
UL_LAT_BD,2017-03-03 16:17:58.881907,2.55157637596,1.19204068184,0.0777907371521,0.419649600983,0.268532991409,0.0776162147522,0.163072109222,0.145051240921,0.00933718681335,0.0505881309509,0.0307722091675,0.0370404720306,0.243937253952,0.424144983292,5033,5041,15613,2230,5033,5041,15613,2230,400812,240932,244072
UL_LAT_BD,2017-03-03 16:17:58.983939,2.55247354507,1.19235730171,0.0778136253357,0.419810533524,0.26864695549,0.0776534080505,0.163139820099,0.145098209381,0.00934243202209,0.0506088733673,0.0307862758636,0.0370404720306,0.244010210037,0.4241938591,5036,5044,15620,2231,5036,5044,15620,2231,401072,241076,244168
UL_LAT_BD,2017-03-03 16:17:59.085855,2.55331540108,1.19266462326,0.0778267383575,0.419977426529,0.268734931946,0.0776784420013,0.163197517395,0.145175218582,0.00934648513794,0.0506339073181,0.0308003425598,0.0370705127716,0.24409198761,0.424229860306,5038,5046,15626,2232,5038,5046,15626,2232,401208,241164,244272
DL_LAT_BD,2017-03-03 16:17:59.111880,103,0,0,0
UL_LAT_BD,2017-03-03 16:17:59.187902,2.55436325073,1.19301009178,0.0778448581696,0.420169591904,0.268857955933,0.0777199268341,0.163268566132,0.145242452621,0.00935077667236,0.0506539344788,0.030814409256,0.0370705127716,0.244182109833,0.424264907837,5040,5048,15633,2233,5040,5048,15633,2233,401376,241280,244376
UL_LAT_BD,2017-03-03 16:17:59.290109,2.55513453484,1.19323587418,0.0778617858887,0.420273542404,0.268929958344,0.0777406692505,0.163313865662,0.145273447037,0.009352684021,0.0506680011749,0.0308215618134,0.0370705127716,0.244243383408,0.424302816391,5042,5050,15639,2234,5042,5050,15639,2234,401544,241372,244460
UL_LAT_BD,2017-03-03 16:17:59.391933,2.55597925186,1.19362568855,0.0778820514679,0.420508384705,0.269056081772,0.0777766704559,0.163381099701,0.145380020142,0.00935649871826,0.0506982803345,0.0308423042297,0.0371143817902,0.244332313538,0.424337863922,5045,5053,15645,2235,5045,5053,15645,2235,401772,241504,244560
UL_LAT_BD,2017-03-03 16:17:59.494061,2.55726194382,1.19394040108,0.077908039093,0.420649290085,0.269140005112,0.0778014659882,0.163434267044,0.145435094833,0.00936055183411,0.0507442951202,0.0308444499969,0.0371143817902,0.244439125061,0.424373865128,5047,5055,15652,2236,5047,5055,15652,2236,401940,241600,244664
UL_LAT_BD,2017-03-03 16:17:59.595913,2.55824184418,1.19419813156,0.0779252052307,0.420751094818,0.269218921661,0.077826499939,0.163483142853,0.145455121994,0.00936460494995,0.0507545471191,0.0308463573456,0.0371143817902,0.244535923004,0.42440867424,5049,5057,15658,2237,5049,5057,15658,2237,402092,241688,244764
UL_LAT_BD,2017-03-03 16:17:59.697876,2.55914592743,1.19447207451,0.0779411792755,0.420892953873,0.269334793091,0.0778687000275,0.163545846939,0.145477056503,0.00936961174011,0.0507655143738,0.0308482646942,0.0371143817902,0.244607210159,0.424446821213,5051,5059,15664,2238,5051,5059,15664,2238,402260,241792,244888
