UL_LAT_BD,2017-03-03 16:17:47.151908,2.4137442112,1.14965748787,0.0738842487335,0.399462223053,0.256230592728,0.0735418796539,0.155825376511,0.137448072433,0.00888848304749,0.0483016967773,0.0291721820831,0.0345120429993,0.234068393707,0.416924476624,4773,4781,14911,2115,4773,4781,14911,2115,380140,228812,232104
DL_LAT_BD,2017-03-03 16:17:47.061815,103,0,0,0
UL_LAT_BD,2017-03-03 16:17:47.253985,2.41483020782,1.1500043869,0.0739009380341,0.399597167969,0.256331682205,0.0735700130463,0.155891418457,0.137480020523,0.00889134407043,0.0483150482178,0.0291831493378,0.0345120429993,0.234215021133,0.416968345642,4775,4783,14918,2116,4775,4783,14918,2116,380308,228912,232224
UL_LAT_BD,2017-03-03 16:17:47.355854,2.41575288773,1.15029549599,0.0739178657532,0.399720191956,0.256421804428,0.0736002922058,0.155947208405,0.13751077652,0.00889420509338,0.048327922821,0.0291941165924,0.0345120429993,0.234318256378,0.417004346848,4777,4785,14927,2117,4777,4785,14927,2117,380476,229008,232324
UL_LAT_BD,2017-03-03 16:17:47.457885,2.41665101051,1.15084147453,0.0739586353302,0.39989733696,0.256561994553,0.0736274719238,0.156051158905,0.1375477314,0.00889801979065,0.0483438968658,0.0292062759399,0.0345120429993,0.234403610229,0.417040348053,4779,4787,14934,2118,4779,4787,14934,2118,380628,229096,232428
UL_LAT_BD,2017-03-03 16:17:47.560100,2.41765832901,1.15135145187,0.0739805698395,0.400208234787,0.256674051285,0.0736582279205,0.156120538712,0.137744665146,0.00890183448792,0.0483722686768,0.0292251110077,0.0346479415894,0.234484434128,0.417128324509,4782,4790,14942,2119,4782,4790,14942,2119,380856,229228,232528
UL_LAT_BD,2017-03-03 16:17:47.661962,2.41849803925,1.15163493156,0.0739946365356,0.400354385376,0.256782054901,0.07368516922,0.156193733215,0.13778090477,0.00890588760376,0.0483863353729,0.029237985611,0.0346479415894,0.23456120491,0.417167186737,4784,4792,14948,2120,4784,4792,14948,2120,381008,229316,232648
UL_LAT_BD,2017-03-03 16:17:47.763940,2.41963076591,1.15194773674,0.0740215778351,0.400524377823,0.25691485405,0.0737490653992,0.156254529953,0.137815952301,0.00890874862671,0.0484035015106,0.0292477607727,0.0346479415894,0.23463511467,0.417201280594,4786,4794,14954,2121,4786,4794,14954,2121,381192,229424,232748
UL_LAT_BD,2017-03-03 16:17:47.865752,2.42062425613,1.15222716331,0.0740365982056,0.400650262833,0.256997585297,0.0737750530243,0.156306266785,0.137857198715,0.00891184806824,0.0484213829041,0.0292618274689,0.0346479415894,0.234724760056,0.417240381241,4788,4796,14962,2122,4788,4796,14962,2122,381344,229516,232848
UL_LAT_BD,2017-03-03 16:17:47.967987,2.42183017731,1.15268182755,0.0740656852722,0.400955200195,0.257135629654,0.0738139152527,0.156396389008,0.138020277023,0.00891590118408,0.0484504699707,0.0292799472809,0.0347530841827,0.234799146652,0.417277574539,4791,4799,14968,2123,4791,4799,14968,2123,381588,229660,232948
DL_LAT_BD,2017-03-03 16:17:48.061902,103,0,0,0
UL_LAT_BD,2017-03-03 16:17:48.070104,2.42268514633,1.15291523933,0.0740809440613,0.401063203812,0.257211923599,0.0738360881805,0.156446218491,0.138049125671,0.00891876220703,0.0484626293182,0.0292880535126,0.0347530841827,0.234863042831,0.417315721512,4793,4801,14974,2124,4793,4801,14974,2124,381740,229748,233052
UL_LAT_BD,2017-03-03 16:17:48.171837,2.4235355854,1.15319943428,0.0740969181061,0.401187419891,0.257302045822,0.0738623142242,0.156500339508,0.138080358505,0.00892090797424,0.0484764575958,0.0292980670929,0.0347530841827,0.234948158264,0.417365789413,4795,4803,14980,2125,4795,4803,14980,2125,381908,229852,233172
UL_LAT_BD,2017-03-03 16:17:48.274160,2.42455172539,1.15366005898,0.0741839408875,0.401411056519,0.25742816925,0.0738983154297,0.156578302383,0.138174057007,0.00892472267151,0.0485053062439,0.0293190479279,0.0347809791565,0.235037088394,0.417416810989,4798,4806,14987,2126,4798,4806,14987,2126,382136,229984,233276
UL_LAT_BD,2017-03-03 16:17:48.375888,2.42554926872,1.15397787094,0.07421875,0.401536941528,0.257522106171,0.0739262104034,0.156635522842,0.138204097748,0.00892782211304,0.0485162734985,0.0293300151825,0.0347809791565,0.235144615173,0.417454957962,4800,4808,14995,2127,4800,4808,14995,2127,382304,230080,233396
UL_LAT_BD,2017-03-03 16:17:48.477893,2.42630696297,1.15428328514,0.0742950439453,0.401651144028,0.25759935379,0.0739483833313,0.156683683395,0.13823890686,0.00892972946167,0.0485324859619,0.0293400287628,0.0347809791565,0.235221624374,0.417485952377,4802,4810,15001,2128,4802,4810,15001,2128,382456,230168,233480
UL_LAT_BD,2017-03-03 16:17:48.580109,2.42734074593,1.15456008911,0.0743119716644,0.401790142059,0.257697343826,0.0739765167236,0.1567466259,0.138277053833,0.0089328289032,0.0485534667969,0.0293490886688,0.0347809791565,0.23530292511,0.41752076149,4804,4812,15005,2129,4804,4812,15005,2129,382608,230256,233580
UL_LAT_BD,2017-03-03 16:17:48.681958,2.42841029167,1.15505290031,0.0744071006775,0.402067184448,0.257848501205,0.074019908905,0.156839847565,0.138398170471,0.00893998146057,0.0485911369324,0.0293724536896,0.0348250865936,0.235383987427,0.417553663254,4807,4815,15010,2130,4807,4815,15010,2130,382868,230400,233680
UL_LAT_BD,2017-03-03 16:17:48.783945,2.42919564247,1.15526795387,0.0744240283966,0.402173042297,0.257924318314,0.0740449428558,0.156887769699,0.138425111771,0.0089418888092,0.0486018657684,0.0293824672699,0.0348250865936,0.235433101654,0.417590618134,4809,4817,15014,2131,4809,4817,15014,2131,383020,230488,233780
UL_LAT_BD,2017-03-03 16:17:48.885845,2.43038964272,1.15616798401,0.0745160579681,0.402848005295,0.258556604385,0.0745961666107,0.156959533691,0.138466835022,0.00894474983215,0.0486221313477,0.0293943881989,0.0348250865936,0.235507249832,0.417641639709,4811,4819,15019,2132,4811,4819,15019,2132,383172,230584,233904
UL_LAT_BD,2017-03-03 16:17:48.987903,2.43352866173,1.15647935867,0.0745372772217,0.403005838394,0.258657455444,0.0746231079102,0.157026529312,0.138520717621,0.00894665718079,0.0486350059509,0.0294032096863,0.0348491668701,0.235595464706,0.417681694031,4813,4821,15024,2133,4813,4821,15024,2133,383340,230680,233988
UL_LAT_BD,2017-03-03 16:17:49.090110,2.43486857414,1.15685987473,0.0745601654053,0.403192996979,0.258788824081,0.0746624469757,0.157106637955,0.138572692871,0.00895071029663,0.0486569404602,0.029420375824,0.0348491668701,0.23571395874,0.417724609375,4816,4824,15032,2134,4816,4824,15032,2134,383568,230820,234128
UL_LAT_BD,2017-03-03 16:17:49.191874,2.43655824661,1.15715312958,0.0745780467987,0.403345108032,0.258891820908,0.0746946334839,0.15716958046,0.138618707657,0.008957862854,0.0486776828766,0.0294332504272,0.0348491668701,0.235792160034,0.417762756348,4818,4826,15039,2135,4818,4826,15039,2135,383736,230920,234224
