UL_LAT_BD,2017-03-03 16:15:39.912943,0.975977659225,0.65069437027,0.0293333530426,0.158968925476,0.101677179337,0.0283846855164,0.0597076416016,0.0550034046173,0.00336670875549,0.0201733112335,0.0118124485016,0.0140800476074,0.101058483124,0.351598739624,1951,1945,6215,855,1951,1945,6215,855,154764,89712,89872
UL_LAT_BD,2017-03-03 16:15:40.015133,0.976831436157,0.650950908661,0.0293464660645,0.159088850021,0.101757287979,0.0284075737,0.0597577095032,0.0550403594971,0.00337076187134,0.020191192627,0.0118234157562,0.0140800476074,0.101142406464,0.351631641388,1953,1947,6222,856,1953,1947,6222,856,154916,89800,89972
UL_LAT_BD,2017-03-03 16:15:40.116917,0.977992534637,0.651331663132,0.0293776988983,0.159297943115,0.101884365082,0.0284523963928,0.059830904007,0.0551204681396,0.0033745765686,0.0202193260193,0.0118403434753,0.0141041278839,0.101223945618,0.351678609848,1956,1950,6229,857,1956,1950,6229,857,155160,89948,90112
UL_LAT_BD,2017-03-03 16:15:40.219040,0.978953361511,0.651610612869,0.0293939113617,0.159410953522,0.101962327957,0.0284733772278,0.0598788261414,0.0551524162292,0.00337862968445,0.020231962204,0.01185131073,0.0141041278839,0.101321697235,0.351721763611,1958,1952,6238,858,1958,1952,6238,858,155312,90036,90212
DL_LAT_BD,2017-03-03 16:15:40.062742,103,0,0,0
UL_LAT_BD,2017-03-03 16:15:40.320823,0.98002409935,0.652044534683,0.0294098854065,0.159693956375,0.102211236954,0.0285537242889,0.0600397586823,0.055183172226,0.00338172912598,0.0202457904816,0.0118613243103,0.0141041278839,0.101414442062,0.3517537117,1960,1954,6245,859,1960,1954,6245,859,155480,90132,90316
UL_LAT_BD,2017-03-03 16:15:40.422950,0.980899333954,0.652296543121,0.0294239521027,0.159801959991,0.102283239365,0.0285768508911,0.060085773468,0.0552172660828,0.00338459014893,0.0202627182007,0.0118713378906,0.0141041278839,0.101502418518,0.351787805557,1962,1956,6254,860,1962,1956,6254,860,155632,90220,90416
UL_LAT_BD,2017-03-03 16:15:40.525127,0.981861829758,0.65265750885,0.0294480323792,0.16002202034,0.102397441864,0.0286090373993,0.0601568222046,0.0553193092346,0.00338745117188,0.0202887058258,0.0119123458862,0.0141272544861,0.101576566696,0.351818799973,1965,1959,6261,861,1965,1959,6261,861,155876,90360,90520
UL_LAT_BD,2017-03-03 16:15:40.627050,0.982705593109,0.652921199799,0.0294637680054,0.160150289536,0.102496385574,0.0286383628845,0.0602254867554,0.055347442627,0.00339150428772,0.0203006267548,0.0119223594666,0.0141272544861,0.101653337479,0.351851701736,1967,1961,6269,862,1967,1961,6269,862,156044,90456,90624
UL_LAT_BD,2017-03-03 16:15:40.728940,0.983499765396,0.653148412704,0.0294778347015,0.160253286362,0.102566242218,0.0286602973938,0.0602695941925,0.0553774833679,0.00339365005493,0.0203166007996,0.0119295120239,0.0141272544861,0.101726770401,0.3518846035,1969,1963,6277,863,1969,1963,6277,863,156196,90544,90728
UL_LAT_BD,2017-03-03 16:15:40.830752,0.98428106308,0.653436183929,0.0294938087463,0.160394191742,0.102638244629,0.0286798477173,0.0603172779083,0.0554444789886,0.00339770317078,0.0203394889832,0.0119435787201,0.0141503810883,0.101816654205,0.35191655159,1971,1965,6285,864,1971,1965,6285,864,156348,90632,90828
UL_LAT_BD,2017-03-03 16:15:40.932943,0.985218286514,0.653804302216,0.0295186042786,0.160564184189,0.102760076523,0.02871966362,0.0603911876678,0.055490732193,0.00340485572815,0.020361661911,0.0119576454163,0.0141503810883,0.101949691772,0.351950645447,1974,1968,6291,865,1974,1968,6291,865,156592,90772,90932
UL_LAT_BD,2017-03-03 16:15:41.035005,0.986147165298,0.654096126556,0.0295405387878,0.160670042038,0.102831125259,0.0287415981293,0.0604341030121,0.0555226802826,0.0034077167511,0.0203778743744,0.0119667053223,0.0141503810883,0.102035999298,0.35202050209,1976,1970,6298,866,1976,1970,6298,866,156744,90860,91036
UL_LAT_BD,2017-03-03 16:15:41.136929,0.987243413925,0.654457092285,0.029613494873,0.160784959793,0.102914094925,0.0287663936615,0.0604853630066,0.0555546283722,0.00341153144836,0.0203931331635,0.0119767189026,0.0141503810883,0.102132320404,0.352088451385,1978,1972,6306,867,1978,1972,6306,867,156912,90964,91160
DL_LAT_BD,2017-03-03 16:15:41.062736,103,0,0,0
UL_LAT_BD,2017-03-03 16:15:41.239069,0.989135980606,0.654851913452,0.0296363830566,0.161010980606,0.10303902626,0.0288009643555,0.0605602264404,0.0556528568268,0.00342082977295,0.0204250812531,0.0119936466217,0.0141823291779,0.102232933044,0.352119445801,1981,1975,6314,868,1981,1975,6314,868,157140,91096,91260
UL_LAT_BD,2017-03-03 16:15:41.340837,0.990031719208,0.655123233795,0.0296523571014,0.161128997803,0.103123188019,0.0288271903992,0.0606129169464,0.0556826591492,0.00342464447021,0.0204360485077,0.0120053291321,0.0141823291779,0.102317333221,0.352162599564,1983,1977,6321,869,1983,1977,6321,869,157308,91192,91364
UL_LAT_BD,2017-03-03 16:15:41.442944,0.991096735001,0.655405044556,0.0296702384949,0.161266088486,0.103204488754,0.0288512706757,0.0606632232666,0.0557374954224,0.00342845916748,0.0204713344574,0.0120162963867,0.0141823291779,0.10240316391,0.352194547653,1985,1979,6328,870,1985,1979,6328,870,157460,91280,91464
UL_LAT_BD,2017-03-03 16:15:41.545132,0.992090702057,0.655731916428,0.0296852588654,0.161438941956,0.103284597397,0.0288741588593,0.0607132911682,0.0558264255524,0.00343227386475,0.0204963684082,0.0120296478271,0.0142233371735,0.102491140366,0.352237462997,1987,1981,6336,871,1987,1981,6336,871,157612,91368,91568
UL_LAT_BD,2017-03-03 16:15:41.646930,0.993652820587,0.656093597412,0.029708147049,0.161619186401,0.103411436081,0.0289120674133,0.0607933998108,0.055876493454,0.00343728065491,0.020515203476,0.0120487213135,0.0142233371735,0.102596282959,0.352274417877,1990,1984,6345,872,1990,1984,6345,872,157872,91516,91688
UL_LAT_BD,2017-03-03 16:15:41.749132,0.994412660599,0.656410932541,0.0297253131866,0.161721467972,0.103480577469,0.0289323329926,0.0608382225037,0.0559072494507,0.00344014167786,0.0205290317535,0.0120584964752,0.0142233371735,0.102758407593,0.352301359177,1992,1986,6352,873,1992,1986,6352,873,158024,91604,91772
UL_LAT_BD,2017-03-03 16:15:41.850826,0.995306253433,0.656655073166,0.0297412872314,0.161822557449,0.103549480438,0.0289504528046,0.0608811378479,0.055938243866,0.00344324111938,0.0205430984497,0.0120675563812,0.0142233371735,0.102835416794,0.352342367172,1994,1988,6359,874,1994,1988,6359,874,158176,91692,91872
UL_LAT_BD,2017-03-03 16:15:41.952945,0.996267080307,0.65718793869,0.0297582149506,0.162133455276,0.103636264801,0.0289764404297,0.0609350204468,0.0561573505402,0.00344753265381,0.0205729007721,0.0120854377747,0.0142552852631,0.102923631668,0.352374315262,1996,1990,6367,875,1996,1990,6367,875,158328,91780,91976
UL_LAT_BD,2017-03-03 16:15:42.055002,0.997298717499,0.657532215118,0.0297830104828,0.162298202515,0.103756189346,0.0290107727051,0.0610129833221,0.0561993122101,0.00345253944397,0.0205910205841,0.0120995044708,0.0142552852631,0.10303401947,0.352406263351,1999,1993,6374,876,1999,1993,6374,876,158572,91928,92080
DL_LAT_BD,2017-03-03 16:15:42.062758,103,0,0,0
UL_LAT_BD,2017-03-03 16:15:42.156929,0.998114347458,0.657804250717,0.0298149585724,0.162403345108,0.103826284409,0.02903175354,0.0610568523407,0.056232213974,0.0034544467926,0.020605802536,0.0121092796326,0.0142552852631,0.1031229496,0.352444171906,2001,1995,6381,877,2001,1995,6381,877,158724,92016,92184
