UL_LAT_BD,2017-03-03 16:17:42.255852,2.36526322365,1.13450860977,0.0730006694794,0.391654491425,0.251369953156,0.0720088481903,0.152873039246,0.134649515152,0.00870656967163,0.0471484661102,0.0284855365753,0.0340390205383,0.229972362518,0.414993047714,4664,4672,14599,2067,4664,4672,14599,2067,371472,223652,227068
UL_LAT_BD,2017-03-03 16:17:42.357946,2.36626982689,1.13488817215,0.0730204582214,0.391886711121,0.251474142075,0.07204413414,0.152932405472,0.134774446487,0.00871062278748,0.0472543239594,0.02849650383,0.0340390205383,0.230038881302,0.415046215057,4666,4674,14604,2068,4666,4674,14604,2068,371640,223760,227204
UL_LAT_BD,2017-03-03 16:17:42.460104,2.3669936657,1.13513278961,0.0730345249176,0.392014741898,0.251560211182,0.0720703601837,0.152987480164,0.134814500809,0.00871443748474,0.04727435112,0.0285065174103,0.0340390205383,0.230103492737,0.415077209473,4668,4676,14610,2069,4668,4676,14610,2069,371792,223848,227288
UL_LAT_BD,2017-03-03 16:17:42.561928,2.367821455,1.13554501534,0.0730564594269,0.392295837402,0.251745223999,0.0721752643585,0.1530585289,0.134906768799,0.0087206363678,0.0473012924194,0.028523683548,0.0340700149536,0.230156421661,0.415127038956,4671,4679,14615,2070,4671,4679,14615,2070,372036,223996,227384
UL_LAT_BD,2017-03-03 16:17:42.664083,2.36872291565,1.1358127594,0.073073387146,0.392414808273,0.251836299896,0.0722029209137,0.153115749359,0.134932756424,0.00872373580933,0.0473122596741,0.0285315513611,0.0340700149536,0.230229377747,0.415181159973,4673,4681,14621,2071,4673,4681,14621,2071,372204,224096,227484
UL_LAT_BD,2017-03-03 16:17:42.765849,2.36969423294,1.13610363007,0.0730872154236,0.392535924911,0.251920461655,0.0722279548645,0.153167009354,0.134967803955,0.00872564315796,0.0473301410675,0.0285415649414,0.0340700149536,0.23033452034,0.41522026062,4675,4683,14628,2072,4675,4683,14628,2072,372356,224184,227600
UL_LAT_BD,2017-03-03 16:17:42.867885,2.37207484245,1.13644385338,0.0731220245361,0.392683982849,0.251996517181,0.0722510814667,0.153214216232,0.135038852692,0.00872945785522,0.0473484992981,0.0285556316376,0.0341010093689,0.230448722839,0.415254354477,4677,4685,14636,2073,4677,4685,14636,2073,372508,224272,227704
UL_LAT_BD,2017-03-03 16:17:42.970106,2.37332463264,1.13681054115,0.0731480121613,0.392873048782,0.252116680145,0.0722851753235,0.153289556503,0.135105848312,0.00873327255249,0.0473666191101,0.028591632843,0.0341010093689,0.23055267334,0.415292263031,4680,4688,14644,2074,4680,4688,14644,2074,372752,224412,227824
UL_LAT_BD,2017-03-03 16:17:43.071824,2.37411046028,1.13705873489,0.0731620788574,0.392977952957,0.252188682556,0.0723059177399,0.153333902359,0.135137796402,0.00873613357544,0.0473809242249,0.028603553772,0.0341010093689,0.230627775192,0.415339231491,4682,4690,14650,2075,4682,4690,14650,2075,372904,224508,227928
UL_LAT_BD,2017-03-03 16:17:43.174039,2.37486791611,1.13729643822,0.0731828212738,0.39310002327,0.25227355957,0.0723326206207,0.153383255005,0.135172843933,0.00874042510986,0.047397851944,0.0286145210266,0.0341010093689,0.230686903,0.415369272232,4684,4692,14656,2076,4684,4692,14656,2076,373088,224608,228008
DL_LAT_BD,2017-03-03 16:17:43.062000,103,0,0,0
UL_LAT_BD,2017-03-03 16:17:43.275853,2.3757827282,1.13759326935,0.0731956958771,0.393244981766,0.252354383469,0.0723557472229,0.153435230255,0.135236024857,0.00874376296997,0.0474157333374,0.0286285877228,0.0341241359711,0.230778217316,0.415407419205,4686,4694,14664,2077,4686,4694,14664,2077,373224,224696,228128
UL_LAT_BD,2017-03-03 16:17:43.377888,2.37684464455,1.13792467117,0.0732228755951,0.3934237957,0.252480506897,0.0723958015442,0.153511047363,0.135286808014,0.00874876976013,0.0474395751953,0.0286436080933,0.0341241359711,0.23085308075,0.415445566177,4689,4697,14670,2078,4689,4697,14670,2078,373468,224840,228212
UL_LAT_BD,2017-03-03 16:17:43.480100,2.37767410278,1.1381790638,0.0732357501984,0.393529891968,0.252552747726,0.072417974472,0.153557062149,0.135318517685,0.00875067710876,0.0474524497986,0.0286536216736,0.0341241359711,0.230937480927,0.415488481522,4691,4699,14676,2079,4691,4699,14676,2079,373620,224928,228352
UL_LAT_BD,2017-03-03 16:17:43.581969,2.37857961655,1.13854169846,0.0732507705688,0.393710851669,0.252636909485,0.0724437236786,0.153609991074,0.135413408279,0.00875282287598,0.0474696159363,0.0286784172058,0.0341503620148,0.231044530869,0.415539503098,4693,4701,14683,2080,4693,4701,14683,2080,373788,225024,228452
UL_LAT_BD,2017-03-03 16:17:43.684045,2.37960195541,1.13890051842,0.0732777118683,0.393909692764,0.252779006958,0.0724859237671,0.153698205948,0.135467290878,0.00875806808472,0.0474915504456,0.0286962985992,0.0341503620148,0.231126785278,0.415581464767,4696,4704,14690,2081,4696,4704,14690,2081,374032,225164,228556
UL_LAT_BD,2017-03-03 16:17:43.785754,2.38053488731,1.1391954422,0.0732936859131,0.394034862518,0.252864122391,0.0725111961365,0.153750658035,0.135504245758,0.00876092910767,0.0475084781647,0.0287072658539,0.0341503620148,0.231231927872,0.415623426437,4698,4706,14697,2082,4698,4706,14697,2082,374184,225252,228656
UL_LAT_BD,2017-03-03 16:17:43.887953,2.38147902489,1.13944029808,0.0733106136322,0.394158840179,0.252948999405,0.0725371837616,0.153803825378,0.135541200638,0.00876402854919,0.0475285053253,0.0287172794342,0.0341503620148,0.231298208237,0.415654420853,4700,4708,14702,2083,4700,4708,14702,2083,374336,225340,228740
UL_LAT_BD,2017-03-03 16:17:43.990098,2.38222694397,1.13972425461,0.0733284950256,0.394305944443,0.253025054932,0.0725612640381,0.153851985931,0.135609388351,0.00876808166504,0.047550201416,0.0287303924561,0.0341742038727,0.231357574463,0.415708303452,4702,4710,14707,2084,4702,4710,14707,2084,374488,225432,228856
UL_LAT_BD,2017-03-03 16:17:44.091817,2.38338112831,1.14010262489,0.0733561515808,0.394520759583,0.253185033798,0.0726101398468,0.153948068619,0.135661363602,0.00877332687378,0.047571182251,0.0287475585938,0.0341742038727,0.231433391571,0.415758132935,4705,4713,14713,2085,4705,4713,14713,2085,374748,225596,228960
DL_LAT_BD,2017-03-03 16:17:44.061887,103,8,0,0
UL_LAT_BD,2017-03-03 16:17:44.193947,2.38411808014,1.1403594017,0.073370218277,0.394647836685,0.253260135651,0.0726308822632,0.153995037079,0.135710477829,0.00877666473389,0.0475859642029,0.0287735462189,0.0341742038727,0.231509208679,0.415792226791,4707,4715,14719,2086,4707,4715,14719,2086,374900,225684,229040
UL_LAT_BD,2017-03-03 16:17:44.295854,2.38489556313,1.1406545639,0.0733852386475,0.394812822342,0.253345251083,0.0726597309113,0.154047012329,0.135788440704,0.00878047943115,0.0476069450378,0.0287895202637,0.034205198288,0.231581687927,0.415830135345,4709,4717,14725,2087,4709,4717,14725,2087,375052,225772,229156
UL_LAT_BD,2017-03-03 16:17:44.397885,2.38580226898,1.1409714222,0.0734021663666,0.394966840744,0.253439188004,0.0726909637451,0.15410399437,0.135822534561,0.00878357887268,0.0476207733154,0.0288016796112,0.034205198288,0.231673955917,0.415876150131,4711,4719,14731,2088,4711,4719,14731,2088,375220,225884,229272
UL_LAT_BD,2017-03-03 16:17:44.500064,2.38688540459,1.14129495621,0.0734231472015,0.395133733749,0.253558158875,0.0727307796478,0.154177904129,0.135867595673,0.00878834724426,0.0476400852203,0.0288164615631,0.034205198288,0.231766462326,0.415908098221,4714,4722,14739,2089,4714,4722,14739,2089,375448,226020,229356
UL_LAT_BD,2017-03-03 16:17:44.601908,2.38790440559,1.14162015915,0.0734441280365,0.395290613174,0.253667116165,0.0727639198303,0.154243946075,0.135910511017,0.00879120826721,0.0476582050323,0.0288336277008,0.034205198288,0.231863737106,0.415947198868,4716,4724,14747,2090,4716,4724,14747,2090,375616,226120,229476
