UL_LAT_BD,2017-03-03 16:15:54.906936,1.14161491394,0.71040225029,0.0343680381775,0.187480926514,0.120283603668,0.0332481861115,0.0698647499084,0.0645432472229,0.0042405128479,0.023247718811,0.0137593746185,0.0167100429535,0.114915847778,0.362266778946,2284,2278,7306,1002,2284,2278,7306,1002,181560,105200,105312
UL_LAT_BD,2017-03-03 16:15:55.009049,1.14768242836,0.71101808548,0.0344672203064,0.187692642212,0.120448350906,0.0333170890808,0.0699496269226,0.0645883083344,0.00424480438232,0.0232653617859,0.0137734413147,0.0167100429535,0.115056753159,0.362419843674,2287,2281,7315,1003,2287,2281,7315,1003,181788,105332,105436
UL_LAT_BD,2017-03-03 16:15:55.110833,1.14939761162,0.711425065994,0.034511089325,0.187922716141,0.120597362518,0.0333490371704,0.0700585842133,0.0646653175354,0.00424885749817,0.0233192443848,0.0137875080109,0.0167100429535,0.11514377594,0.362457752228,2289,2283,7323,1004,2289,2283,7323,1004,181956,105436,105556
UL_LAT_BD,2017-03-03 16:15:55.212969,1.15034937859,0.711776971817,0.0345249176025,0.188094854355,0.120677471161,0.0333721637726,0.0701076984406,0.0647552013397,0.0042507648468,0.0233454704285,0.0138041973114,0.0167491436005,0.115237951279,0.362523794174,2291,2285,7333,1005,2291,2285,7333,1005,182108,105524,105680
DL_LAT_BD,2017-03-03 16:15:55.062752,103,0,0,0
UL_LAT_BD,2017-03-03 16:15:55.315065,1.15138244629,0.712069988251,0.0345451831818,0.188213825226,0.120761394501,0.0333979129791,0.0701608657837,0.0647881031036,0.00425386428833,0.0233623981476,0.0138142108917,0.0167491436005,0.115337371826,0.362571954727,2293,2287,7341,1006,2293,2287,7341,1006,182276,105620,105764
UL_LAT_BD,2017-03-03 16:15:55.416927,1.15243196487,0.712473869324,0.0346229076385,0.188388586044,0.120881319046,0.0334312915802,0.0702350139618,0.0648400783539,0.0042610168457,0.0233845710754,0.0138292312622,0.0167491436005,0.115441083908,0.362607955933,2296,2290,7348,1007,2296,2290,7348,1007,182504,105752,105868
UL_LAT_BD,2017-03-03 16:15:55.519049,1.15343523026,0.712762832642,0.0346477031708,0.188524723053,0.120977401733,0.0334584712982,0.0702950954437,0.0648763179779,0.00426506996155,0.023401260376,0.0138404369354,0.0167491436005,0.115515947342,0.362649917603,2298,2292,7355,1008,2298,2292,7355,1008,182672,105848,105968
UL_LAT_BD,2017-03-03 16:15:55.620826,1.15432548523,0.713185548782,0.0346624851227,0.188668966293,0.12104845047,0.0334799289703,0.0703399181366,0.0649464130402,0.00426816940308,0.0234231948853,0.0138556957245,0.0167760848999,0.115738868713,0.362683773041,2300,2294,7363,1009,2300,2294,7363,1009,182824,105936,106072
UL_LAT_BD,2017-03-03 16:15:55.722943,1.15528655052,0.713426589966,0.0346777439117,0.188770771027,0.121120452881,0.0335009098053,0.0703859329224,0.0649743080139,0.00427007675171,0.0234334468842,0.0138647556305,0.0167760848999,0.115816831589,0.362722635269,2302,2296,7369,1010,2302,2296,7369,1010,182976,106024,106172
UL_LAT_BD,2017-03-03 16:15:55.825130,1.15635490417,0.713750123978,0.0347018241882,0.188941001892,0.121238708496,0.0335373878479,0.0704607963562,0.0650224685669,0.00427412986755,0.023458480835,0.0138776302338,0.0167760848999,0.115903139114,0.362758636475,2305,2299,7377,1011,2305,2299,7377,1011,183220,106164,106276
UL_LAT_BD,2017-03-03 16:15:55.926962,1.15734434128,0.714228630066,0.0347187519073,0.189230918884,0.121329545975,0.0335655212402,0.0705168247223,0.0652194023132,0.00427722930908,0.0235922336578,0.0138964653015,0.0168070793152,0.116010189056,0.362813711166,2307,2301,7385,1012,2307,2301,7385,1012,183372,106252,106376
UL_LAT_BD,2017-03-03 16:15:56.028942,1.15850615501,0.714563369751,0.034738779068,0.189377069473,0.121428489685,0.0335974693298,0.0705778598785,0.0652647018433,0.00428152084351,0.0236101150513,0.0139133930206,0.0168070793152,0.116119623184,0.362861633301,2309,2303,7393,1013,2309,2303,7393,1013,183540,106348,106480
UL_LAT_BD,2017-03-03 16:15:56.130843,1.15983080864,0.715033054352,0.0347578525543,0.189566135406,0.121567487717,0.0336358547211,0.0706689357758,0.0653119087219,0.0042896270752,0.0236270427704,0.0139293670654,0.0168070793152,0.116264104843,0.362896680832,2311,2305,7402,1014,2311,2305,7402,1014,183692,106444,106584
DL_LAT_BD,2017-03-03 16:15:56.062735,103,0,0,0
UL_LAT_BD,2017-03-03 16:15:56.232989,1.16093993187,0.715397596359,0.0347819328308,0.189743995667,0.121691465378,0.0336735248566,0.0707473754883,0.0653619766235,0.00429439544678,0.0236520767212,0.0139443874359,0.0168070793152,0.116366624832,0.362946748734,2314,2308,7410,1015,2314,2308,7410,1015,183936,106584,106708
UL_LAT_BD,2017-03-03 16:15:56.335053,1.16189599037,0.715832471848,0.0348551273346,0.189905881882,0.121776580811,0.033695936203,0.0708003044128,0.065438747406,0.00429725646973,0.0236744880676,0.0139572620392,0.0168380737305,0.116521835327,0.362980604172,2316,2310,7419,1016,2316,2310,7419,1016,184104,106680,106808
UL_LAT_BD,2017-03-03 16:15:56.436934,1.16272687912,0.716078281403,0.0348699092865,0.190016746521,0.12185549736,0.0337178707123,0.0708494186401,0.0654697418213,0.00429940223694,0.023686170578,0.0139682292938,0.0168380737305,0.11659860611,0.363016605377,2318,2312,7426,1017,2318,2312,7426,1017,184256,106768,106912
UL_LAT_BD,2017-03-03 16:15:56.539048,1.16381907463,0.716396093369,0.0348944664001,0.190192699432,0.121976137161,0.0337607860565,0.0709223747253,0.0655190944672,0.00430274009705,0.0237109661102,0.0139832496643,0.0168380737305,0.116668224335,0.363058567047,2321,2315,7432,1018,2321,2315,7432,1018,184484,106900,106996
UL_LAT_BD,2017-03-03 16:15:56.640841,1.16471171379,0.716710805893,0.0349104404449,0.190360546112,0.122072219849,0.0337896347046,0.0709810256958,0.0655879974365,0.00430464744568,0.0237710475922,0.0139842033386,0.0168380737305,0.116754055023,0.363092660904,2323,2317,7440,1019,2323,2317,7440,1019,184652,106996,107100
UL_LAT_BD,2017-03-03 16:15:56.742960,1.16570544243,0.717007875443,0.0349254608154,0.190475463867,0.122163295746,0.0338137149811,0.0710430145264,0.0656089782715,0.00430679321289,0.023784160614,0.0139861106873,0.0168380737305,0.116844892502,0.363154649734,2325,2319,7447,1020,2325,2319,7447,1020,184804,107084,107220
UL_LAT_BD,2017-03-03 16:15:56.845144,1.16677951813,0.717299222946,0.0349454879761,0.190600633621,0.122260332108,0.0338406562805,0.0711026191711,0.0656340122223,0.00431084632874,0.0237991809845,0.0139870643616,0.0168380737305,0.116939783096,0.363196611404,2327,2321,7454,1021,2327,2321,7454,1021,184972,107180,107324
UL_LAT_BD,2017-03-03 16:15:56.946833,1.16798257828,0.717787981033,0.0350844860077,0.190774679184,0.122369289398,0.0338723659515,0.0711719989777,0.0656960010529,0.00431370735168,0.0238170623779,0.0140190124512,0.0168380737305,0.117051839828,0.363248586655,2330,2324,7463,1022,2330,2324,7463,1022,185200,107312,107408
