DL_LAT_BD,2017-03-03 16:18:10.061882,103,0,1,0
UL_LAT_BD,2017-03-03 16:18:10.305859,2.68221306801,1.23920154572,0.0816280841827,0.444511890411,0.282127857208,0.0818111896515,0.171432256699,0.156031847,0.0102877616882,0.0526494979858,0.0328211784363,0.0411496162415,0.252970933914,0.429939746857,5287,5295,16292,2342,5287,5295,16292,2342,421060,254252,258432
UL_LAT_BD,2017-03-03 16:18:10.407993,2.68309307098,1.23961853981,0.0816402435303,0.44478392601,0.282344818115,0.0818657875061,0.171582698822,0.156085968018,0.0102918148041,0.0526616573334,0.0328569412231,0.0411496162415,0.253029108047,0.430007696152,5289,5297,16297,2343,5289,5297,16297,2343,421212,254416,258660
UL_LAT_BD,2017-03-03 16:18:10.510137,2.68408179283,1.23998165131,0.0816593170166,0.44501709938,0.282549142838,0.0819237232208,0.171716928482,0.156112909317,0.0102968215942,0.0526735782623,0.0328600406647,0.0411496162415,0.253080368042,0.430060625076,5292,5300,16301,2344,5292,5300,16301,2344,421440,254588,258820
UL_LAT_BD,2017-03-03 16:18:10.611863,2.68492794037,1.24033379555,0.0816762447357,0.445230960846,0.282737016678,0.0819969177246,0.171818971634,0.156137943268,0.0102999210358,0.0526866912842,0.0328619480133,0.0411496162415,0.253139972687,0.430115699768,5294,5302,16306,2345,5294,5302,16306,2345,421608,254756,259000
UL_LAT_BD,2017-03-03 16:18:10.714047,2.68603777885,1.24074435234,0.0816943645477,0.445399045944,0.282882213593,0.0820486545563,0.171897172928,0.156156778336,0.010303735733,0.0526947975159,0.0328640937805,0.0411496162415,0.253278017044,0.430194616318,5296,5304,16313,2346,5296,5304,16313,2346,421760,254892,259240
UL_LAT_BD,2017-03-03 16:18:10.815808,2.68974900246,1.24107480049,0.0817103385925,0.445588827133,0.282999992371,0.0820908546448,0.171967029572,0.156227827072,0.010306596756,0.0527009963989,0.0328860282898,0.0411846637726,0.253345012665,0.430245637894,5298,5306,16318,2347,5298,5306,16318,2347,421928,255016,259408
UL_LAT_BD,2017-03-03 16:18:10.917953,2.69098925591,1.24177408218,0.0818605422974,0.445992708206,0.28320813179,0.0821762084961,0.172071456909,0.156419754028,0.0103094577789,0.0527112483978,0.0330338478088,0.0412087440491,0.253379821777,0.430350542068,5301,5309,16322,2348,5301,5309,16322,2348,422172,255272,259780
UL_LAT_BD,2017-03-03 16:18:11.020111,2.69189763069,1.24219632149,0.0819635391235,0.446166753769,0.283357143402,0.0822274684906,0.172155618668,0.156443834305,0.0103125572205,0.0527160167694,0.0330438613892,0.0412087440491,0.253446578979,0.430418729782,5303,5311,16328,2349,5303,5311,16328,2349,422324,255424,259992
UL_LAT_BD,2017-03-03 16:18:11.121910,2.69273686409,1.24251151085,0.0819776058197,0.446331739426,0.283494234085,0.0822732448578,0.172229290009,0.15646982193,0.0103163719177,0.0527231693268,0.0330548286438,0.0412087440491,0.253524780273,0.430470705032,5305,5313,16333,2350,5305,5313,16333,2350,422476,255568,260160
DL_LAT_BD,2017-03-03 16:18:11.061849,103,0,0,0
UL_LAT_BD,2017-03-03 16:18:11.224052,2.69364523888,1.24287843704,0.0820024013519,0.446538925171,0.283669233322,0.0823447704315,0.172312736511,0.156502008438,0.0103194713593,0.0527310371399,0.0330669879913,0.0412087440491,0.253576040268,0.430546760559,5308,5316,16336,2351,5308,5316,16336,2351,422720,255796,260420
UL_LAT_BD,2017-03-03 16:18:11.275901,2.69421434402,1.24320244789,0.0820093154907,0.446720838547,0.283801317215,0.0824072360992,0.17236828804,0.156550884247,0.0103213787079,0.052738904953,0.0330770015717,0.0412328243256,0.253590106964,0.430667877197,5309,5317,16337,2352,5309,5317,16337,2352,422796,255960,260832
UL_LAT_BD,2017-03-03 16:18:11.344102,2.69489645958,1.24354624748,0.0820152759552,0.446848869324,0.28392624855,0.0824546813965,0.172436237335,0.156553983688,0.0103225708008,0.052738904953,0.0330770015717,0.0412328243256,0.253621101379,0.430842876434,5310,5318,16340,2353,5310,5318,16340,2353,422856,256068,261232
UL_LAT_BD,2017-03-03 16:18:11.390128,2.69559669495,1.24406504631,0.0820262432098,0.447235822678,0.284270048141,0.0826275348663,0.172567129135,0.156596183777,0.0103313922882,0.0527551174164,0.0330898761749,0.0412328243256,0.253621101379,0.430960655212,5311,5319,16340,2354,5311,5319,16340,2354,422948,256384,261628
UL_LAT_BD,2017-03-03 16:18:11.491859,2.69647097588,1.24449491501,0.082043170929,0.44753241539,0.284534931183,0.0827324390411,0.172700643539,0.156624078751,0.0103352069855,0.0527663230896,0.0330979824066,0.0412328243256,0.253655433655,0.431036472321,5313,5321,16343,2355,5313,5321,16343,2355,423132,256656,261892
UL_LAT_BD,2017-03-03 16:18:11.560927,2.69781112671,1.24490189552,0.0820550918579,0.447759389877,0.284729957581,0.0827987194061,0.172810792923,0.156653165817,0.0103392601013,0.0527803897858,0.0331079959869,0.0412328243256,0.253683567047,0.431170463562,5315,5323,16345,2356,5315,5323,16345,2356,423268,256852,262292
UL_LAT_BD,2017-03-03 16:18:11.587968,2.69848513603,1.24532318115,0.0820641517639,0.448016405106,0.284966945648,0.0829362869263,0.172882556915,0.156672239304,0.01034116745,0.0527894496918,0.0331120491028,0.0412328243256,0.253683567047,0.43132352829,5316,5324,16345,2357,5316,5324,16345,2357,423360,257176,262684
UL_LAT_BD,2017-03-03 16:18:11.676875,2.69949030876,1.24592328072,0.0820832252502,0.448448419571,0.285346031189,0.0830845832825,0.17307472229,0.156724214554,0.0103442668915,0.0528132915497,0.0331299304962,0.0412328243256,0.253713607788,0.431438446045,5318,5326,16347,2358,5318,5326,16347,2358,423528,257500,263096
UL_LAT_BD,2017-03-03 16:18:11.735754,2.70009541512,1.2463722229,0.0820891857147,0.4486784935,0.285556077957,0.0831782817841,0.173171281815,0.15674328804,0.010347366333,0.0528192520142,0.033136844635,0.0412328243256,0.253725528717,0.431634426117,5319,5327,16348,2359,5319,5327,16348,2359,423588,257660,263504
UL_LAT_BD,2017-03-03 16:18:11.763092,2.70091366768,1.24686717987,0.0820982456207,0.448997497559,0.285859107971,0.0833539962769,0.173254013062,0.156758308411,0.0103504657745,0.0528221130371,0.0331428050995,0.0412328243256,0.253725528717,0.431798458099,5320,5328,16348,2360,5320,5328,16348,2360,423664,258060,263904
UL_LAT_BD,2017-03-03 16:18:11.813020,2.70144057274,1.24733924866,0.0821061134338,0.44934463501,0.28618812561,0.0834562778473,0.173460960388,0.156776428223,0.0103523731232,0.0528299808502,0.0331490039825,0.0412328243256,0.253725528717,0.431913375854,5321,5329,16348,2361,5321,5329,16348,2361,423740,258272,264304
UL_LAT_BD,2017-03-03 16:18:11.860118,2.70229935646,1.24773216248,0.08212018013,0.44957947731,0.286386966705,0.083606004715,0.173476934433,0.156810522079,0.0103576183319,0.0528419017792,0.0331599712372,0.0412328243256,0.253725528717,0.432055234909,5324,5331,16348,2362,5324,5331,16348,2362,423932,258600,264708
UL_LAT_BD,2017-03-03 16:18:11.886951,2.70255851746,1.24786806107,0.08212018013,0.44957947731,0.286386966705,0.083606004715,0.173476934433,0.156810522079,0.0103576183319,0.0528419017792,0.0331599712372,0.0412328243256,0.253745555878,0.43216919899,5324,5331,16349,2363,5324,5331,16349,2363,423932,258600,265116
DL_LAT_BD,2017-03-03 16:17:06.961860,132,0,0,0
UL_LAT_BD,2017-03-03 16:18:11.989061,2.70368075371,1.24846386909,0.0821533203125,0.450082302094,0.286782741547,0.0837347507477,0.173707008362,0.156913518906,0.0103673934937,0.0528841018677,0.0331768989563,0.0412578582764,0.253757476807,0.432212114334,5327,5335,16350,2364,5327,5335,16350,2364,424308,259020,265248
DL_LAT_BD,2017-03-03 16:18:11.911818,108,0,0,0
UL_LAT_BD,2017-03-03 16:18:12.090001,2.7050511837,1.24904990196,0.0821704864502,0.450399398804,0.287047863007,0.0838251113892,0.173824548721,0.156962633133,0.0103743076324,0.0529072284698,0.0331919193268,0.0412578582764,0.253883600235,0.432328224182,5331,5338,16356,2365,5331,5338,16356,2365,424560,259296,265676
UL_LAT_BD,2017-03-03 16:18:12.120072,2.70530390739,1.2491710186,0.0821704864502,0.450399398804,0.287047863007,0.0838251113892,0.173824548721,0.156962633133,0.0103743076324,0.0529072284698,0.0331919193268,0.0412578582764,0.253890752792,0.432441234589,5331,5338,16357,2366,5331,5338,16357,2366,424560,259296,266072
UL_LAT_BD,2017-03-03 16:18:12.163049,2.70583295822,1.24952793121,0.0821783542633,0.450633525848,0.287270069122,0.083930015564,0.173912525177,0.156973600388,0.0103762149811,0.0529103279114,0.0331959724426,0.0412578582764,0.253890752792,0.432554244995,5332,5339,16357,2367,5332,5339,16357,2367,424652,259584,266472
