UL_LAT_BD,2017-03-03 16:15:42.259046,0.998937368393,0.658089637756,0.0298299789429,0.162548303604,0.103907108307,0.029052734375,0.0611069202423,0.0562951564789,0.00345849990845,0.0206258296967,0.0121233463287,0.0142772197723,0.103206634521,0.352480173111,2003,1997,6388,878,2003,1997,6388,878,158892,92112,92304
UL_LAT_BD,2017-03-03 16:15:42.360842,0.999842643738,0.65838098526,0.0298430919647,0.162687063217,0.104001998901,0.029082775116,0.061163187027,0.0563371181488,0.00346374511719,0.0206477642059,0.0121343135834,0.0142772197723,0.10330080986,0.352514028549,2005,1999,6397,879,2005,1999,6397,879,159044,92200,92408
UL_LAT_BD,2017-03-03 16:15:42.462935,1.00087285042,0.65874671936,0.0298640727997,0.162893295288,0.104154109955,0.0291197299957,0.0612652301788,0.056387424469,0.00346875190735,0.0206706523895,0.0121490955353,0.0142772197723,0.103395462036,0.35254406929,2008,2002,6406,880,2008,2002,6406,880,159288,92340,92508
UL_LAT_BD,2017-03-03 16:15:42.565079,1.0019068718,0.659032583237,0.0298821926117,0.163014411926,0.104241132736,0.0291454792023,0.0613205432892,0.0564196109772,0.00347280502319,0.0206866264343,0.0121591091156,0.0142772197723,0.103482484818,0.352594137192,2010,2004,6415,881,2010,2004,6415,881,159472,92440,92628
UL_LAT_BD,2017-03-03 16:15:42.666939,1.00297856331,0.65945649147,0.0299470424652,0.163238525391,0.104367256165,0.0291771888733,0.0614047050476,0.0565147399902,0.00347781181335,0.0207118988037,0.0121822357178,0.0143122673035,0.103556394577,0.352647066116,2012,2006,6422,882,2012,2006,6422,882,159640,92556,92752
DL_LAT_BD,2017-03-03 16:15:42.612736,74,0,0,0
DL_LAT_BD,2017-03-03 16:15:42.662081,74,0,0,0
DL_LAT_BD,2017-03-03 16:15:42.662081,531,0,0,0
DL_LAT_BD,2017-03-03 16:15:42.662081,1282,0,0,0
DL_LAT_BD,2017-03-03 16:15:42.662081,1282,0,0,0
DL_LAT_BD,2017-03-03 16:15:42.662081,1282,0,0,0
DL_LAT_BD,2017-03-03 16:15:42.711997,1282,0,1,0
DL_LAT_BD,2017-03-03 16:15:42.711997,1282,0,0,0
DL_LAT_BD,2017-03-03 16:15:42.711997,1282,0,0,0
DL_LAT_BD,2017-03-03 16:15:42.711997,1282,0,0,0
DL_LAT_BD,2017-03-03 16:15:42.711997,1118,0,1,0
UL_LAT_BD,2017-03-03 16:15:42.769038,1.0041384697,0.659814834595,0.0299828052521,0.16343665123,0.104506254196,0.0292141437531,0.0614967346191,0.0565700531006,0.00348210334778,0.0207314491272,0.0122075080872,0.0143122673035,0.103637695312,0.352680206299,2015,2009,6430,883,2015,2009,6430,883,160020,92720,92856
UL_LAT_BD,2017-03-03 16:15:42.870828,1.00499773026,0.660072565079,0.0299987792969,0.163567781448,0.104597330093,0.0292403697968,0.0615525245667,0.0566070079803,0.00348520278931,0.0207505226135,0.0122184753418,0.0143122673035,0.103708267212,0.352714300156,2017,2011,6436,884,2017,2011,6436,884,160188,92816,92956
UL_LAT_BD,2017-03-03 16:15:42.973126,1.00583148003,0.66042637825,0.0300107002258,0.163722753525,0.104680299759,0.0292608737946,0.0616097450256,0.0566771030426,0.00348711013794,0.0207724571228,0.012232542038,0.0143373012543,0.103850841522,0.352750301361,2019,2013,6443,885,2019,2013,6443,885,160340,92904,93080
UL_LAT_BD,2017-03-03 16:15:43.075131,1.00671315193,0.660765171051,0.0300254821777,0.163900852203,0.104808330536,0.0292856693268,0.0617048740387,0.0567252635956,0.00349116325378,0.0208024978638,0.012241601944,0.0143373012543,0.10395359993,0.352784156799,2021,2015,6451,886,2021,2015,6451,886,160508,93000,93184
UL_LAT_BD,2017-03-03 16:15:43.176929,1.00784707069,0.661103248596,0.0300476551056,0.164056777954,0.104912519455,0.0293169021606,0.0617699623108,0.0567741394043,0.00349497795105,0.0208258628845,0.0122556686401,0.0143373012543,0.104074716568,0.352813959122,2024,2018,6459,887,2024,2018,6459,887,160736,93140,93268
DL_LAT_BD,2017-03-03 16:15:43.061814,103,0,0,0
UL_LAT_BD,2017-03-03 16:15:43.279042,1.01271057129,0.661417007446,0.0300629138947,0.164189815521,0.10501241684,0.0293409824371,0.0618369579315,0.0568060874939,0.00349926948547,0.0208406448364,0.0122656822205,0.0143373012543,0.104171276093,0.352874755859,2026,2020,6466,888,2026,2020,6466,888,160904,93236,93388
UL_LAT_BD,2017-03-03 16:15:43.380828,1.01353359222,0.661753416061,0.0300769805908,0.164368629456,0.105114221573,0.0293629169464,0.0619099140167,0.0568821430206,0.00350213050842,0.02086353302,0.0122809410095,0.0143661499023,0.104255199432,0.352925539017,2028,2022,6473,889,2028,2022,6473,889,161056,93324,93472
UL_LAT_BD,2017-03-03 16:15:43.482986,1.01438140869,0.662110090256,0.0301370620728,0.164536714554,0.10521531105,0.0293910503387,0.0619747638702,0.0569469928741,0.00352430343628,0.0208835601807,0.0122969150543,0.0143661499023,0.10432767868,0.35297369957,2030,2024,6480,890,2030,2024,6480,890,161224,93420,93592
UL_LAT_BD,2017-03-03 16:15:43.585156,1.01545524597,0.662494182587,0.030220746994,0.164711713791,0.105331420898,0.0294258594513,0.0620460510254,0.0570020675659,0.00353002548218,0.0209095478058,0.0123128890991,0.0143661499023,0.104410886765,0.353005647659,2033,2027,6487,891,2033,2027,6487,891,161452,93552,93676
UL_LAT_BD,2017-03-03 16:15:43.686927,1.01629114151,0.662797451019,0.030232667923,0.164874792099,0.105417490005,0.0294489860535,0.0621037483215,0.0570757389069,0.00353193283081,0.0209307670593,0.0123236179352,0.0144000053406,0.104496955872,0.353037595749,2035,2029,6496,892,2035,2029,6496,892,161604,93640,93776
UL_LAT_BD,2017-03-03 16:15:43.789047,1.01713109016,0.663084030151,0.0302474498749,0.165011644363,0.1055123806,0.0294780731201,0.0621619224548,0.0571146011353,0.00353503227234,0.0209496021271,0.0123333930969,0.0144000053406,0.10457444191,0.353086709976,2037,2031,6502,893,2037,2031,6502,893,161772,93736,93880
UL_LAT_BD,2017-03-03 16:15:43.890829,1.01848745346,0.663367509842,0.0302612781525,0.165133476257,0.105603218079,0.0295000076294,0.0622260570526,0.0571415424347,0.00353789329529,0.0209605693817,0.0123422145844,0.0144000053406,0.10467004776,0.353130817413,2039,2033,6510,894,2039,2033,6510,894,161924,93824,93980
UL_LAT_BD,2017-03-03 16:15:43.992962,1.01956748962,0.66370344162,0.0302875041962,0.165305614471,0.105723381042,0.0295362472534,0.0623018741608,0.0571894645691,0.00354218482971,0.0209834575653,0.0123562812805,0.0144000053406,0.104762792587,0.353170871735,2042,2036,6517,895,2042,2036,6517,895,162168,93964,94104
UL_LAT_BD,2017-03-03 16:15:44.095130,1.02048563957,0.664029598236,0.0303037166595,0.165492534637,0.105825424194,0.0295612812042,0.0623681545258,0.0572714805603,0.00354504585266,0.0210084915161,0.0123724937439,0.0144329071045,0.104843616486,0.353202819824,2044,2038,6524,896,2044,2038,6524,896,162320,94060,94204
DL_LAT_BD,2017-03-03 16:15:44.060831,103,0,0,0
UL_LAT_BD,2017-03-03 16:15:44.196954,1.02145838737,0.664391517639,0.0303807258606,0.165633440018,0.105930566788,0.0296006202698,0.0624260902405,0.0573072433472,0.00354909896851,0.0210225582123,0.0123834609985,0.0144329071045,0.10494685173,0.353234767914,2046,2040,6531,897,2046,2040,6531,897,162488,94156,94308
UL_LAT_BD,2017-03-03 16:15:44.299048,1.02249217033,0.664744138718,0.0304019451141,0.165794372559,0.106038570404,0.0296356678009,0.0624940395355,0.0573573112488,0.00355315208435,0.0210478305817,0.0123975276947,0.0144329071045,0.105065584183,0.353274822235,2049,2043,6538,898,2049,2043,6538,898,162716,94288,94408
UL_LAT_BD,2017-03-03 16:15:44.400828,1.02341198921,0.665063381195,0.0304210186005,0.165971279144,0.106140613556,0.0296666622162,0.0625562667847,0.057430267334,0.00355815887451,0.0210719108582,0.0124137401581,0.0144557952881,0.105142116547,0.353312015533,2051,2045,6545,899,2051,2045,6545,899,162900,94396,94532
DL_LAT_BD,2017-03-03 16:15:44.362736,74,0,2,0
DL_LAT_BD,2017-03-03 16:15:44.412755,589,0,0,0
DL_LAT_BD,2017-03-03 16:15:44.412755,1282,0,0,0
DL_LAT_BD,2017-03-03 16:15:44.412755,1282,0,0,0
DL_LAT_BD,2017-03-03 16:15:44.412755,878,0,2,0
UL_LAT_BD,2017-03-03 16:15:44.502967,1.02441263199,0.665415048599,0.0304479598999,0.166147232056,0.106267690659,0.0297050476074,0.0626389980316,0.0574762821198,0.00356125831604,0.0210888385773,0.012434720993,0.0144557952881,0.105213165283,0.353365898132,2053,2047,6552,900,2053,2047,6552,900,163188,94540,94708
