UL_LAT_BD,2017-03-03 16:14:31.675111,0.227172136307,0.0753009319305,0.00597715377808,0.039758682251,0.0286452770233,0.00880169868469,0.0153455734253,0.0106520652771,0.000702619552612,0.00393581390381,0.0025908946991,0.00224351882935,0.0199282169342,0.00775861740112,421,420,1334,186,421,420,1334,186,33420,19392,19508
UL_LAT_BD,2017-03-03 16:14:31.776832,0.227938890457,0.0756063461304,0.00604701042175,0.0398783683777,0.0287189483643,0.00882363319397,0.0153934955597,0.0106949806213,0.000709772109985,0.0039598941803,0.00259876251221,0.00224351882935,0.0200009346008,0.00779461860657,423,422,1339,187,423,422,1339,187,33572,19480,19592
UL_LAT_BD,2017-03-03 16:14:31.879102,0.228909015656,0.0759482383728,0.00613212585449,0.0400071144104,0.0288126468658,0.0088517665863,0.0154502391815,0.0107259750366,0.000712871551514,0.00397205352783,0.00260972976685,0.00224351882935,0.0200841426849,0.00783061981201,425,424,1346,188,425,424,1346,188,33740,19576,19692
UL_LAT_BD,2017-03-03 16:14:31.980858,0.22993350029,0.0787694454193,0.00616121292114,0.0401289463043,0.0288987159729,0.00887370109558,0.0155086517334,0.0107588768005,0.000716686248779,0.00398826599121,0.00261783599854,0.00224351882935,0.0227019786835,0.00787162780762,427,426,1354,189,427,426,1354,189,33892,19664,19796
UL_LAT_BD,2017-03-03 16:14:32.082878,0.231103420258,0.0791428089142,0.00618696212769,0.0403480529785,0.0290169715881,0.00890803337097,0.0155818462372,0.0108547210693,0.00072169303894,0.00401949882507,0.00263977050781,0.00227355957031,0.0227780342102,0.00791573524475,430,429,1360,190,430,429,1360,190,34120,19804,19916
DL_LAT_BD,2017-03-03 16:14:32.061820,103,0,0,0
UL_LAT_BD,2017-03-03 16:14:32.185060,0.232090711594,0.0794472694397,0.00620698928833,0.0404722690582,0.0291080474854,0.00893497467041,0.0156376361847,0.0108857154846,0.000725507736206,0.00403046607971,0.00265169143677,0.00227355957031,0.0228791236877,0.00796484947205,432,431,1367,191,432,431,1367,191,34288,19900,20020
UL_LAT_BD,2017-03-03 16:14:32.286924,0.23304271698,0.0797128677368,0.00624322891235,0.0405762195587,0.0291757583618,0.00895500183105,0.0156805515289,0.0109179019928,0.000727653503418,0.00404644012451,0.00266170501709,0.00227355957031,0.0229597091675,0.00800490379333,434,433,1375,192,434,433,1375,192,34440,19988,20120
UL_LAT_BD,2017-03-03 16:14:32.389085,0.233989238739,0.0800669193268,0.00626444816589,0.0407800674438,0.0293037891388,0.00898694992065,0.0157694816589,0.0109899044037,0.000730514526367,0.00406956672668,0.00267863273621,0.00229549407959,0.0230255126953,0.00805902481079,437,436,1381,193,437,436,1381,193,34684,20128,20224
UL_LAT_BD,2017-03-03 16:14:32.490867,0.234927177429,0.0827829837799,0.00627946853638,0.040913105011,0.0293869972229,0.00901103019714,0.0158219337463,0.0110378265381,0.000736474990845,0.00409364700317,0.00268840789795,0.00229549407959,0.0255317687988,0.00811100006104,439,438,1389,194,439,438,1389,194,34836,20216,20344
UL_LAT_BD,2017-03-03 16:14:32.593087,0.235840559006,0.083080291748,0.00629639625549,0.0410532951355,0.0294981002808,0.00905013084412,0.0158889293671,0.0110626220703,0.000738620758057,0.0041024684906,0.00269818305969,0.00229549407959,0.0256340503693,0.00814294815063,441,440,1397,195,441,440,1397,195,35004,20312,20448
UL_LAT_BD,2017-03-03 16:14:32.695119,0.237049341202,0.0833923816681,0.00631427764893,0.0411982536316,0.0295939445496,0.00907826423645,0.0159468650818,0.0111083984375,0.000743389129639,0.00412559509277,0.00271224975586,0.00229549407959,0.0257313251495,0.00818490982056,443,442,1405,196,443,442,1405,196,35156,20400,20548
UL_LAT_BD,2017-03-03 16:14:32.796976,0.238102436066,0.0837965011597,0.0063374042511,0.041431427002,0.02969789505,0.00910925865173,0.0160138607025,0.0112345218658,0.000747442245483,0.00415730476379,0.00273156166077,0.00235939025879,0.0258383750916,0.00821685791016,446,445,1413,197,446,445,1413,197,35384,20532,20652
UL_LAT_BD,2017-03-03 16:14:32.899049,0.238913536072,0.0840582847595,0.0063533782959,0.0415592193604,0.0297949314117,0.00914430618286,0.0160689353943,0.0112633705139,0.000749349594116,0.00416827201843,0.00274157524109,0.00235939025879,0.0259184837341,0.00824880599976,448,447,1419,198,448,447,1419,198,35552,20628,20752
UL_LAT_BD,2017-03-03 16:14:33.000763,0.239776611328,0.0843744277954,0.00642418861389,0.0416643619537,0.0298659801483,0.00916528701782,0.0161139965057,0.0112965106964,0.000753402709961,0.00418400764465,0.00275158882141,0.00235939025879,0.026017665863,0.00828194618225,450,449,1426,199,450,449,1426,199,35704,20716,20856
DL_LAT_BD,2017-03-03 16:14:33.062727,103,0,0,0
UL_LAT_BD,2017-03-03 16:14:33.102973,0.240758657455,0.0847859382629,0.00657892227173,0.0417802333832,0.0299479961395,0.00919127464294,0.016165971756,0.011328458786,0.000756740570068,0.00419878959656,0.00276160240173,0.00235939025879,0.0261087417603,0.00832200050354,452,451,1433,200,452,451,1433,200,35872,20820,20960
UL_LAT_BD,2017-03-03 16:14:33.205006,0.241713285446,0.0852055549622,0.00665998458862,0.0420000553131,0.0300741195679,0.00922989845276,0.0162451267242,0.0114183425903,0.00076150894165,0.00422859191895,0.00277972221375,0.00238943099976,0.0261826515198,0.00835800170898,455,454,1439,201,455,454,1439,201,36116,20960,21064
UL_LAT_BD,2017-03-03 16:14:33.306986,0.242678165436,0.085551738739,0.00673294067383,0.0421001911163,0.0301451683044,0.00925183296204,0.0162913799286,0.0114443302155,0.000763654708862,0.00424075126648,0.00278759002686,0.00238943099976,0.0262944698334,0.00839304924011,457,456,1446,202,457,456,1446,202,36268,21048,21164
UL_LAT_BD,2017-03-03 16:14:33.409046,0.243952989578,0.0859577655792,0.00674891471863,0.0422451496124,0.030243396759,0.00928282737732,0.0163512229919,0.011488199234,0.000768661499023,0.00426387786865,0.00280046463013,0.00238943099976,0.0264101028442,0.00844693183899,459,458,1454,203,459,458,1454,203,36420,21136,21268
UL_LAT_BD,2017-03-03 16:14:33.510763,0.244956731796,0.0863273143768,0.00676870346069,0.0424149036407,0.0303361415863,0.00931072235107,0.0164079666138,0.0115642547607,0.000771522521973,0.00428605079651,0.00281453132629,0.00241947174072,0.0265440940857,0.00848293304443,461,460,1462,204,461,460,1462,204,36588,21232,21388
UL_LAT_BD,2017-03-03 16:14:33.612961,0.245847702026,0.0866799354553,0.00684547424316,0.0425670146942,0.0304431915283,0.00934195518494,0.0164756774902,0.0116064548492,0.000776529312134,0.00430536270142,0.00283050537109,0.00241947174072,0.0266160964966,0.00852394104004,464,463,1469,205,464,463,1469,205,36816,21364,21492
