UL_LAT_BD,2017-03-03 16:14:48.505070,0.408756732941,0.145072460175,0.0143306255341,0.0662744045258,0.0452094078064,0.0138490200043,0.0255801677704,0.0201849937439,0.00132727622986,0.00729298591614,0.00501894950867,0.00426912307739,0.0465846061707,0.0143389701843,800,796,2522,351,800,796,2522,351,63476,36812,36976
UL_LAT_BD,2017-03-03 16:14:48.606931,0.410623788834,0.145379781723,0.0143465995789,0.0664284229279,0.0452933311462,0.0138728618622,0.0256333351135,0.0202538967133,0.00133013725281,0.00731205940247,0.0050323009491,0.00429606437683,0.0466825962067,0.0143690109253,802,798,2529,352,802,798,2529,352,63644,36908,37080
UL_LAT_BD,2017-03-03 16:14:48.709064,0.411607980728,0.145626544952,0.0143594741821,0.0665333271027,0.0453643798828,0.0138938426971,0.0256774425507,0.0202858448029,0.00133204460144,0.00732612609863,0.00504231452942,0.00429606437683,0.0467648506165,0.0144090652466,804,800,2536,353,804,800,2536,353,63796,36996,37200
UL_LAT_BD,2017-03-03 16:14:48.810893,0.412676095963,0.145967245102,0.0143785476685,0.0667352676392,0.0454473495483,0.0139188766479,0.0257296562195,0.0204026699066,0.00133395195007,0.00742197036743,0.00505447387695,0.00429606437683,0.0468416213989,0.0144441127777,806,802,2543,354,806,802,2543,354,63964,37092,37304
UL_LAT_BD,2017-03-03 16:14:48.912892,0.413684129715,0.146303415298,0.0144007205963,0.0669322013855,0.0455873012543,0.0139539241791,0.025824546814,0.0204536914825,0.00134038925171,0.00744581222534,0.00506949424744,0.00429606437683,0.0469167232513,0.0144791603088,809,805,2551,355,809,805,2551,355,64192,37224,37404
UL_LAT_BD,2017-03-03 16:14:49.015120,0.414929389954,0.146671056747,0.0144186019897,0.0671660900116,0.0456774234772,0.0139815807343,0.0258812904358,0.0205936431885,0.00134229660034,0.00746989250183,0.00508332252502,0.00439095497131,0.0469920635223,0.0145132541656,811,807,2557,356,811,807,2557,356,64360,37320,37508
UL_LAT_BD,2017-03-03 16:14:49.116918,0.416126966476,0.146929979324,0.0144345760345,0.0672681331635,0.0457494258881,0.0140044689178,0.0259261131287,0.0206217765808,0.00134634971619,0.00748085975647,0.00509333610535,0.00439095497131,0.0470898151398,0.0145492553711,813,809,2565,357,813,809,2565,357,64512,37416,37628
UL_LAT_BD,2017-03-03 16:14:49.219045,0.417152643204,0.147223949432,0.014458656311,0.0674359798431,0.0458672046661,0.0140390396118,0.0259993076324,0.0206694602966,0.00135135650635,0.00750374794006,0.00510835647583,0.00439095497131,0.0471520423889,0.0145812034607,816,812,2571,358,816,812,2571,358,64756,37556,37732
DL_LAT_BD,2017-03-03 16:14:49.062122,103,0,0,0
UL_LAT_BD,2017-03-03 16:14:49.320858,0.418173551559,0.14763879776,0.0144746303558,0.0675959587097,0.0459523200989,0.0140628814697,0.0260515213013,0.0207424163818,0.00135445594788,0.0075249671936,0.00512313842773,0.00441908836365,0.047342300415,0.0146231651306,818,814,2578,359,818,814,2578,359,64924,37652,37832
UL_LAT_BD,2017-03-03 16:14:49.422967,0.418984889984,0.148987770081,0.014488697052,0.0676980018616,0.0460212230682,0.0140819549561,0.0260944366455,0.0207734107971,0.00135636329651,0.00753998756409,0.00513195991516,0.00441908836365,0.0485143661499,0.0146741867065,820,816,2586,360,820,816,2586,360,65076,37740,37936
UL_LAT_BD,2017-03-03 16:14:49.525004,0.419905185699,0.149236917496,0.0145025253296,0.0677981376648,0.0460913181305,0.0141048431396,0.0261387825012,0.0208003520966,0.00135922431946,0.00755095481873,0.00514197349548,0.00441908836365,0.0486042499542,0.0147061347961,822,818,2595,361,822,818,2595,361,65228,37828,38036
UL_LAT_BD,2017-03-03 16:14:49.626926,0.421100139618,0.149612903595,0.0145256519318,0.067990064621,0.0462293624878,0.0141589641571,0.0262145996094,0.0208501815796,0.00136303901672,0.00757384300232,0.00515699386597,0.00441908836365,0.0487124919891,0.0147471427917,825,821,2604,362,825,821,2604,362,65472,37968,38140
UL_LAT_BD,2017-03-03 16:14:49.729049,0.421994924545,0.153214216232,0.014538526535,0.0714499950409,0.0495884418488,0.014182806015,0.0295445919037,0.0209481716156,0.0013689994812,0.00760674476624,0.00517392158508,0.00445508956909,0.0487997531891,0.014778137207,827,823,2612,363,827,823,2612,363,65624,38056,38240
UL_LAT_BD,2017-03-03 16:14:49.830796,0.422860383987,0.153483629227,0.0145537853241,0.0715589523315,0.0496695041656,0.0142066478729,0.0295948982239,0.0209760665894,0.00137186050415,0.00761890411377,0.00518393516541,0.00445508956909,0.0488917827606,0.0148191452026,829,825,2621,364,829,825,2621,364,65792,38152,38344
UL_LAT_BD,2017-03-03 16:14:49.932983,0.423693180084,0.153719902039,0.0145659446716,0.0716609954834,0.0497386455536,0.0142295360565,0.0296368598938,0.0210061073303,0.0013747215271,0.00763297080994,0.00519180297852,0.00445508956909,0.0489709377289,0.0148541927338,831,827,2627,365,831,827,2627,365,65944,38240,38444
UL_LAT_BD,2017-03-03 16:14:50.033939,0.424701213837,0.156289339066,0.0145919322968,0.0740759372711,0.0498747825623,0.0142695903778,0.0297222137451,0.0232810974121,0.00137948989868,0.00773429870605,0.00521159172058,0.0065929889679,0.0490427017212,0.0149002075195,834,830,2634,366,834,830,2634,366,66188,38380,38548
UL_LAT_BD,2017-03-03 16:14:50.136916,0.428498268127,0.156594276428,0.0146059989929,0.0741949081421,0.0499577522278,0.0142936706543,0.0297722816467,0.0233132839203,0.00138163566589,0.00775051116943,0.00522065162659,0.0065929889679,0.0491471290588,0.0149402618408,836,832,2642,367,836,832,2642,367,66356,38484,38668
DL_LAT_BD,2017-03-03 16:14:50.061822,103,0,0,0
UL_LAT_BD,2017-03-03 16:14:50.239044,0.429273605347,0.15682053566,0.0146200656891,0.0742979049683,0.0500297546387,0.0143144130707,0.0298175811768,0.0233402252197,0.00138354301453,0.00776076316833,0.00523066520691,0.0065929889679,0.0492150783539,0.0149750709534,838,834,2647,368,838,834,2647,368,66508,38572,38772
UL_LAT_BD,2017-03-03 16:14:50.340863,0.43007683754,0.157114267349,0.0146338939667,0.0744347572327,0.0501306056976,0.0143382549286,0.029890537262,0.0233733654022,0.00138759613037,0.00777864456177,0.00523996353149,0.0065929889679,0.0492990016937,0.0150279998779,840,836,2653,369,840,836,2653,369,66660,38660,38892
UL_LAT_BD,2017-03-03 16:14:50.443042,0.433742284775,0.157511949539,0.0146617889404,0.0746598243713,0.0502605438232,0.014374256134,0.0299725532532,0.0234656333923,0.00139284133911,0.00781083106995,0.00525784492493,0.0066180229187,0.0493931770325,0.0150690078735,843,839,2660,370,843,839,2660,370,66904,38800,38996
UL_LAT_BD,2017-03-03 16:14:50.545167,0.434777021408,0.157775163651,0.0146777629852,0.0747618675232,0.050333738327,0.0143954753876,0.0300195217133,0.0234935283661,0.00139570236206,0.00782203674316,0.00526666641235,0.0066180229187,0.0494937896729,0.0151028633118,845,841,2669,371,845,841,2669,371,67056,38888,39096
UL_LAT_BD,2017-03-03 16:14:50.646923,0.436254739761,0.158126354218,0.0147616863251,0.0748829841614,0.0504190921783,0.0144307613373,0.0300643444061,0.0235273838043,0.00139760971069,0.00783634185791,0.00527763366699,0.0066180229187,0.0495839118958,0.0151488780975,847,843,2677,372,847,843,2677,372,67208,38976,39200
