UL_LAT_BD,2017-03-03 16:16:57.636965,1.86851882935,0.954013586044,0.0532147884369,0.306027412415,0.195040225983,0.0548987388611,0.117863893509,0.106580972672,0.00685572624207,0.0379211902618,0.0224792957306,0.0289056301117,0.182475090027,0.391722202301,3677,3671,11876,1617,3677,3671,11876,1617,292544,169604,169664
UL_LAT_BD,2017-03-03 16:16:57.739041,1.87241768837,0.954405784607,0.0532443523407,0.306245565414,0.195205211639,0.0549793243408,0.117944478989,0.106632947922,0.00685977935791,0.0379450321198,0.0224943161011,0.0289056301117,0.182571411133,0.391760349274,3680,3674,11885,1618,3680,3674,11885,1618,292788,169744,169768
UL_LAT_BD,2017-03-03 16:16:57.840763,1.87336039543,0.954718589783,0.0532612800598,0.306407690048,0.195292234421,0.0550026893616,0.118002176285,0.106708049774,0.00686168670654,0.0379679203033,0.0225093364716,0.0289325714111,0.182664394379,0.39179444313,3682,3676,11893,1619,3682,3676,11893,1619,292940,169832,169868
UL_LAT_BD,2017-03-03 16:16:57.943029,1.87421011925,0.95760846138,0.0532774925232,0.306527376175,0.195378065109,0.0550291538239,0.118056774139,0.106739997864,0.00686454772949,0.0379841327667,0.0225183963776,0.0289325714111,0.18537402153,0.391828536987,3684,3678,11900,1620,3684,3678,11900,1620,293108,169928,169972
UL_LAT_BD,2017-03-03 16:16:58.045017,1.87524414062,0.957936525345,0.0532915592194,0.306684494019,0.195471048355,0.055070400238,0.118102550507,0.106801986694,0.00686764717102,0.0380320549011,0.0225265026093,0.0289325714111,0.185486078262,0.391862630844,3686,3680,11909,1621,3686,3680,11909,1621,293260,170016,170076
UL_LAT_BD,2017-03-03 16:16:58.146884,1.87626338005,0.958254098892,0.0533127784729,0.306841611862,0.19559431076,0.0551075935364,0.118179559708,0.10683298111,0.00687170028687,0.0380501747131,0.0225274562836,0.0289325714111,0.185578346252,0.391899824142,3689,3683,11916,1622,3689,3683,11916,1622,293504,170164,170180
UL_LAT_BD,2017-03-03 16:16:58.249041,1.87735462189,0.958537340164,0.0533256530762,0.306971788406,0.195697307587,0.0551514625549,0.118233442307,0.106856107712,0.00687599182129,0.0380630493164,0.0225284099579,0.0289325714111,0.185673236847,0.391933679581,3691,3685,11923,1623,3691,3685,11923,1623,293656,170252,170280
DL_LAT_BD,2017-03-03 16:16:58.061854,103,0,0,0
UL_LAT_BD,2017-03-03 16:16:58.351261,1.87819361687,0.958863258362,0.0533444881439,0.307111740112,0.195783376694,0.0551795959473,0.118287324905,0.106909036636,0.00688004493713,0.0380721092224,0.0225653648376,0.0289325714111,0.185744285583,0.392018556595,3693,3687,11930,1624,3693,3687,11930,1624,293824,170348,170384
UL_LAT_BD,2017-03-03 16:16:58.452882,1.87909007072,0.959152698517,0.0533576011658,0.307233810425,0.195870399475,0.055205821991,0.11834192276,0.1069419384,0.0068838596344,0.0380930900574,0.0225677490234,0.0289325714111,0.185832738876,0.392077684402,3695,3689,11938,1625,3695,3689,11938,1625,293976,170436,170484
UL_LAT_BD,2017-03-03 16:16:58.555043,1.88002276421,0.959457874298,0.053379535675,0.307395935059,0.195999622345,0.0552389621735,0.118432044983,0.106971979141,0.0068895816803,0.0381100177765,0.0225698947906,0.0289325714111,0.185902118683,0.39212179184,3698,3692,11945,1626,3698,3692,11945,1626,294204,170568,170588
UL_LAT_BD,2017-03-03 16:16:58.656918,1.88097381592,0.959758996964,0.0533947944641,0.307520866394,0.196097612381,0.0552678108215,0.118492841721,0.106997013092,0.00689363479614,0.038125038147,0.0225720405579,0.0289325714111,0.186017274857,0.392158746719,3700,3694,11953,1627,3700,3694,11953,1627,294372,170664,170708
UL_LAT_BD,2017-03-03 16:16:58.759076,1.88177084923,0.960128068924,0.0534067153931,0.307753801346,0.196182489395,0.0552914142609,0.118551015854,0.107143163681,0.00689673423767,0.0381391048431,0.0226972103119,0.0289325714111,0.186089515686,0.392201900482,3702,3696,11960,1628,3702,3696,11960,1628,294524,170752,170812
UL_LAT_BD,2017-03-03 16:16:58.860827,1.88273620605,0.960464000702,0.053427696228,0.307936668396,0.196330547333,0.0553274154663,0.11865735054,0.107174158096,0.00690364837646,0.0381572246552,0.0227003097534,0.0289325714111,0.186178922653,0.392235040665,3704,3698,11969,1629,3704,3698,11969,1629,294692,170848,170912
UL_LAT_BD,2017-03-03 16:16:58.962970,1.88455581665,0.960866928101,0.0534496307373,0.308088541031,0.196449518204,0.0553622245789,0.11872959137,0.107204198837,0.00690674781799,0.0381743907928,0.0227022171021,0.0289325714111,0.186268091202,0.392366170883,3707,3701,11977,1630,3707,3701,11977,1630,294936,170988,171016
UL_LAT_BD,2017-03-03 16:16:59.065201,1.88540101051,0.961157560349,0.0534646511078,0.308238744736,0.19652557373,0.0553834438324,0.118777513504,0.107277154922,0.00690960884094,0.0381882190704,0.0227112770081,0.0289745330811,0.186345815659,0.392406225204,3709,3703,11984,1631,3709,3703,11984,1631,295088,171084,171136
UL_LAT_BD,2017-03-03 16:16:59.166980,1.88624930382,0.961529493332,0.0534815788269,0.308460950851,0.196643829346,0.055410861969,0.118861436844,0.107380151749,0.0069146156311,0.0382082462311,0.0227253437042,0.0290293693542,0.18643283844,0.392445087433,3711,3705,11992,1632,3711,3705,11992,1632,295240,171172,171220
DL_LAT_BD,2017-03-03 16:16:59.061913,103,0,0,0
UL_LAT_BD,2017-03-03 16:16:59.269068,1.88719153404,0.961870193481,0.0535027980804,0.308658838272,0.196750640869,0.05544257164,0.118926525116,0.107469081879,0.00691843032837,0.0382206439972,0.0227682590485,0.0290513038635,0.186506509781,0.392485141754,3714,3708,11999,1633,3714,3708,11999,1633,295468,171304,171320
UL_LAT_BD,2017-03-03 16:16:59.370871,1.88814115524,0.962141513824,0.0535178184509,0.30877995491,0.196838617325,0.0554673671722,0.118980407715,0.107500076294,0.00692319869995,0.0382325649261,0.0227792263031,0.0290513038635,0.186585664749,0.392532110214,3716,3710,12006,1634,3716,3710,12006,1634,295636,171400,171424
UL_LAT_BD,2017-03-03 16:16:59.472996,1.88917398453,0.962904214859,0.0535328388214,0.309364080429,0.196912527084,0.0554871559143,0.119026184082,0.108007907867,0.00692629814148,0.0382385253906,0.0227901935577,0.0290513038635,0.18669962883,0.392570018768,3718,3712,12013,1635,3718,3712,12013,1635,295788,171488,171544
UL_LAT_BD,2017-03-03 16:16:59.575009,1.89042210579,0.963203668594,0.0535500049591,0.309509992599,0.197018384933,0.055517911911,0.119091033936,0.108043909073,0.00693225860596,0.0382513999939,0.0228033065796,0.0290513038635,0.186794281006,0.392602920532,3720,3714,12021,1636,3720,3714,12021,1636,295956,171584,171648
UL_LAT_BD,2017-03-03 16:16:59.676981,1.8915348053,0.963586091995,0.0535912513733,0.309722661972,0.197137117386,0.0555527210236,0.119166135788,0.108133792877,0.00693821907043,0.0382845401764,0.0228230953217,0.02907538414,0.186879634857,0.392635822296,3723,3717,12028,1637,3723,3717,12028,1637,296184,171716,171748
UL_LAT_BD,2017-03-03 16:16:59.779041,1.89269256592,0.963907003403,0.0536093711853,0.309854507446,0.197237968445,0.0555784702301,0.11922121048,0.108161687851,0.00694131851196,0.0382952690125,0.022833108902,0.02907538414,0.186968326569,0.392711877823,3725,3719,12036,1638,3725,3719,12036,1638,296352,171812,171852
UL_LAT_BD,2017-03-03 16:16:59.880838,1.89362430573,0.966157913208,0.0536246299744,0.309996366501,0.197337865829,0.0556032657623,0.119269371033,0.108201742172,0.00694537162781,0.0383162498474,0.0228440761566,0.02907538414,0.189022302628,0.392743825912,3727,3721,12043,1639,3727,3721,12043,1639,296504,171900,171952
