UL_LAT_BD,2017-03-03 16:17:31.851823,2.25975203514,1.09429717064,0.0663886070251,0.372540950775,0.23921585083,0.0685176849365,0.145055532455,0.127951383591,0.00828576087952,0.0444691181183,0.0269620418549,0.0326633453369,0.220776796341,0.410635471344,4433,4441,13957,1965,4433,4441,13957,1965,353084,212572,216016
UL_LAT_BD,2017-03-03 16:17:31.953951,2.26056575775,1.09509325027,0.0664007663727,0.373201847076,0.239641666412,0.0686686038971,0.145322799683,0.128183364868,0.00829076766968,0.0445411205292,0.0271100997925,0.0326633453369,0.220848798752,0.410677671432,4435,4443,13963,1966,4435,4443,13963,1966,353220,212668,216152
UL_LAT_BD,2017-03-03 16:17:32.056278,2.26185941696,1.09550619125,0.0664207935333,0.373404741287,0.239755392075,0.0686943531036,0.145400762558,0.128269433975,0.00829386711121,0.0445590019226,0.0271420478821,0.0326914787292,0.220973730087,0.410713672638,4437,4445,13971,1967,4437,4445,13971,1967,353388,212768,216256
UL_LAT_BD,2017-03-03 16:17:32.157892,2.26281833649,1.09578466415,0.0664417743683,0.373525619507,0.239842176437,0.0687210559845,0.145456075668,0.128302574158,0.00829792022705,0.0445737838745,0.0271530151367,0.0326914787292,0.22106385231,0.410748720169,4439,4447,13979,1968,4439,4447,13979,1968,353556,212872,216356
DL_LAT_BD,2017-03-03 16:17:32.061967,103,0,0,0
UL_LAT_BD,2017-03-03 16:17:32.260129,2.26394271851,1.09612512589,0.0664649009705,0.373710632324,0.239967107773,0.0687580108643,0.145534753799,0.128358840942,0.008305311203,0.0445983409882,0.0271711349487,0.0326914787292,0.2211561203,0.410779714584,4442,4450,13987,1969,4442,4450,13987,1969,353784,213004,216440
UL_LAT_BD,2017-03-03 16:17:32.361815,2.26474475861,1.09637522697,0.0664837360382,0.373832702637,0.240057229996,0.0687863826752,0.145592689514,0.12838768959,0.00830817222595,0.0446105003357,0.0271809101105,0.0326914787292,0.221218109131,0.410817861557,4444,4452,13993,1970,4444,4452,13993,1970,353952,213104,216560
UL_LAT_BD,2017-03-03 16:17:32.463941,2.26563477516,1.09667849541,0.0664987564087,0.373994588852,0.240134000778,0.0688095092773,0.145639657974,0.128469467163,0.0083110332489,0.0446345806122,0.0271949768066,0.0327265262604,0.22129368782,0.410860776901,4446,4454,14000,1971,4446,4454,14000,1971,354104,213192,216664
UL_LAT_BD,2017-03-03 16:17:32.565852,2.26647973061,1.09694266319,0.0665197372437,0.374114513397,0.240220069885,0.0688369274139,0.145694494247,0.12850022316,0.00831484794617,0.0446467399597,0.0272059440613,0.0327265262604,0.221365213394,0.410900831223,4448,4456,14007,1972,4448,4456,14007,1972,354272,213288,216784
UL_LAT_BD,2017-03-03 16:17:32.667881,2.26745080948,1.09745240211,0.06654047966,0.374302864075,0.240331411362,0.0688714981079,0.145763397217,0.128573417664,0.00833797454834,0.0446739196777,0.0272209644318,0.0327265262604,0.221606969833,0.410948753357,4451,4459,14012,1973,4451,4459,14012,1973,354500,213420,216888
UL_LAT_BD,2017-03-03 16:17:32.770101,2.26903963089,1.09786534309,0.0665593147278,0.374547958374,0.240488529205,0.0689587593079,0.145828485489,0.128660440445,0.00834202766418,0.04469871521,0.0272378921509,0.0327596664429,0.221710205078,0.410983800888,4453,4461,14020,1974,4453,4461,14020,1974,354668,213516,216988
UL_LAT_BD,2017-03-03 16:17:32.871882,2.26987433434,1.09823322296,0.0666444301605,0.374707937241,0.240604400635,0.0689890384674,0.145908355713,0.128701686859,0.00834608078003,0.044718503952,0.0272510051727,0.0327596664429,0.22178030014,0.411030769348,4455,4463,14026,1975,4455,4463,14026,1975,354836,213612,217092
UL_LAT_BD,2017-03-03 16:17:32.974002,2.27087903023,1.09857392311,0.0666675567627,0.374878883362,0.240725517273,0.0690267086029,0.145980834961,0.128748416901,0.00834989547729,0.0447375774384,0.0272660255432,0.0327596664429,0.221871852875,0.411071777344,4458,4466,14032,1976,4458,4466,14032,1976,355064,213744,217192
DL_LAT_BD,2017-03-03 16:17:33.061863,103,0,0,0
UL_LAT_BD,2017-03-03 16:17:33.075865,2.27187585831,1.0989177227,0.0667357444763,0.375010728836,0.240820407867,0.0690536499023,0.146039009094,0.128783464432,0.00835394859314,0.0447554588318,0.0272741317749,0.0327596664429,0.221971035004,0.411108732224,4460,4468,14040,1977,4460,4468,14040,1977,355216,213840,217296
UL_LAT_BD,2017-03-03 16:17:33.177878,2.2726111412,1.09932136536,0.0667848587036,0.375268697739,0.240911483765,0.0690836906433,0.146094322205,0.128948450089,0.00835728645325,0.0447843074799,0.0272929668427,0.0328676700592,0.222026586533,0.411143779755,4462,4470,14044,1978,4462,4470,14044,1978,355368,213932,217396
UL_LAT_BD,2017-03-03 16:17:33.280011,2.27352523804,1.09965515137,0.0668649673462,0.375399589539,0.241010427475,0.0691137313843,0.146153450012,0.128977537155,0.00836133956909,0.0447971820831,0.027302980423,0.0328676700592,0.222089529037,0.411196708679,4464,4472,14048,1979,4464,4472,14048,1979,355552,214044,217496
UL_LAT_BD,2017-03-03 16:17:33.381873,2.27441477776,1.10093998909,0.0668890476227,0.37656545639,0.242086172104,0.0691635608673,0.14716553688,0.129062414169,0.00837087631226,0.0448441505432,0.0273220539093,0.0328676700592,0.222141265869,0.411232709885,4467,4475,14052,1980,4467,4475,14052,1980,355780,214176,217596
UL_LAT_BD,2017-03-03 16:17:33.483944,2.27536821365,1.10135579109,0.0669729709625,0.376737356186,0.242167234421,0.0691876411438,0.147215604782,0.129150390625,0.00837397575378,0.0448639392853,0.0273351669312,0.0329148769379,0.222241401672,0.411287546158,4469,4477,14058,1981,4469,4477,14058,1981,355932,214264,217700
UL_LAT_BD,2017-03-03 16:17:33.585899,2.27650237083,1.10172271729,0.0670669078827,0.376857280731,0.242257356644,0.0692148208618,0.147271633148,0.129178285599,0.00837707519531,0.0448799133301,0.0273411273956,0.0329148769379,0.222338438034,0.411333560944,4471,4479,14065,1982,4471,4479,14065,1982,356100,214364,217836
UL_LAT_BD,2017-03-03 16:17:33.687975,2.27778744698,1.10202527046,0.0670847892761,0.376988172531,0.242357492447,0.0692465305328,0.147330760956,0.129205942154,0.00838088989258,0.0448920726776,0.0273489952087,0.0329148769379,0.222436904907,0.411379575729,4473,4481,14074,1983,4473,4481,14074,1983,356268,214468,217940
UL_LAT_BD,2017-03-03 16:17:33.789044,2.27888917923,1.10233354568,0.0671076774597,0.377155065536,0.242475509644,0.0692844390869,0.147403001785,0.129251718521,0.00838589668274,0.044912815094,0.027361869812,0.0329148769379,0.22251534462,0.41140961647,4476,4484,14081,1984,4476,4484,14081,1984,356496,214600,218024
UL_LAT_BD,2017-03-03 16:17:33.891887,2.28045630455,1.10271120071,0.0671286582947,0.377329111099,0.242568731308,0.0693216323853,0.147451639175,0.129330396652,0.00838971138,0.0449347496033,0.0273766517639,0.0329477787018,0.222637891769,0.411458492279,4478,4486,14089,1985,4478,4486,14089,1985,356648,214688,218148
