UL_LAT_BD,2017-03-03 16:16:45.396969,1.72074627876,0.910449266434,0.0500886440277,0.284024000168,0.181866168976,0.0509226322174,0.10958814621,0.0980832576752,0.00638890266418,0.0351986885071,0.0206589698792,0.0261948108673,0.171042203903,0.386263132095,3406,3400,10971,1497,3406,3400,10971,1497,271052,157104,157192
UL_LAT_BD,2017-03-03 16:16:45.499038,1.72177004814,0.910840034485,0.0501697063446,0.28421330452,0.181995391846,0.0509624481201,0.109667301178,0.098140001297,0.00639510154724,0.0352246761322,0.020674943924,0.0261948108673,0.171120405197,0.386296272278,3409,3403,10977,1498,3409,3403,10977,1498,271280,157236,157296
UL_LAT_BD,2017-03-03 16:16:45.600806,1.72266507149,0.91117811203,0.0502109527588,0.284378290176,0.182079553604,0.0509886741638,0.109721183777,0.0982189178467,0.00639796257019,0.0352468490601,0.0206899642944,0.0262289047241,0.171206235886,0.38633441925,3411,3405,10984,1499,3411,3405,10984,1499,271448,157332,157416
UL_LAT_BD,2017-03-03 16:16:45.702918,1.72461795807,0.911441087723,0.0502338409424,0.284486055374,0.182153463364,0.0510079860687,0.109767198563,0.0982506275177,0.00639986991882,0.0352649688721,0.0206978321075,0.0262289047241,0.17129445076,0.386369466782,3413,3407,10992,1500,3413,3407,10992,1500,271600,157420,157520
UL_LAT_BD,2017-03-03 16:16:45.805277,1.72562503815,0.911735773087,0.0502505302429,0.284618139267,0.182247638702,0.0510387420654,0.109822273254,0.0982863903046,0.00640368461609,0.035276889801,0.0207107067108,0.0262289047241,0.171388149261,0.38641166687,3415,3409,11001,1501,3415,3409,11001,1501,271752,157508,157620
UL_LAT_BD,2017-03-03 16:16:45.906930,1.72702455521,0.912194252014,0.0502965450287,0.284882307053,0.182453870773,0.0510756969452,0.109981298447,0.0983402729034,0.00640845298767,0.0353028774261,0.0207238197327,0.0262289047241,0.171484708786,0.38644862175,3418,3412,11010,1502,3418,3412,11010,1502,271996,157648,157724
UL_LAT_BD,2017-03-03 16:16:46.009043,1.72797870636,0.912623405457,0.0503134727478,0.285156488419,0.182547807693,0.0511033535004,0.110039234161,0.0985174179077,0.00641250610352,0.0353286266327,0.0208270549774,0.0262658596039,0.171579122543,0.386482715607,3420,3414,11017,1503,3420,3414,11017,1503,272164,157744,157824
UL_LAT_BD,2017-03-03 16:16:46.110828,1.728910923,0.912914276123,0.0503325462341,0.28528046608,0.182639837265,0.0511257648468,0.110100984573,0.0985465049744,0.00641655921936,0.0353417396545,0.0208370685577,0.0262658596039,0.171673059464,0.386527776718,3422,3416,11025,1504,3422,3416,11025,1504,272316,157840,157948
UL_LAT_BD,2017-03-03 16:16:46.212962,1.7298810482,0.913177251816,0.0503463745117,0.285392522812,0.182714700699,0.0511467456818,0.110147714615,0.0985796451569,0.00641870498657,0.0353586673737,0.0208480358124,0.0262658596039,0.171769142151,0.386562585831,3424,3418,11033,1505,3424,3418,11033,1505,272468,157928,158048
DL_LAT_BD,2017-03-03 16:16:46.062751,103,8,8,8
UL_LAT_BD,2017-03-03 16:16:46.315025,1.73106479645,0.913690805435,0.0504384040833,0.285672426224,0.182820796967,0.0511758327484,0.110214710236,0.0987493991852,0.00642275810242,0.0353915691376,0.0208671092987,0.0263566970825,0.171865940094,0.386597633362,3427,3421,11040,1506,3427,3421,11040,1506,272696,158060,158152
UL_LAT_BD,2017-03-03 16:16:46.416914,1.73200440407,0.914071083069,0.0504546165466,0.285915613174,0.18291592598,0.0512030124664,0.110275268555,0.0988953113556,0.00642466545105,0.0354084968567,0.0209858417511,0.0263566970825,0.171945810318,0.386630535126,3429,3423,11047,1507,3429,3423,11047,1507,272864,158156,158252
UL_LAT_BD,2017-03-03 16:16:46.519168,1.733096838,0.914359807968,0.05047082901,0.286054372787,0.183018922806,0.0512475967407,0.110330820084,0.0989272594452,0.00642848014832,0.0354216098785,0.0209987163544,0.0263566970825,0.172033548355,0.386666536331,3431,3425,11055,1508,3431,3425,11055,1508,273016,158244,158356
UL_LAT_BD,2017-03-03 16:16:46.620818,1.73427653313,0.914662361145,0.0505058765411,0.286173582077,0.183104038239,0.0512738227844,0.110384464264,0.0989594459534,0.00643253326416,0.0354375839233,0.0210084915161,0.0263566970825,0.172136545181,0.386700630188,3433,3427,11064,1509,3433,3427,11064,1509,273184,158340,158456
UL_LAT_BD,2017-03-03 16:16:46.722894,1.73533082008,0.915043592453,0.0505306720734,0.286391735077,0.183224201202,0.0513124465942,0.110459089279,0.0990512371063,0.00643634796143,0.0354688167572,0.0210282802582,0.0263876914978,0.172213315964,0.386754751205,3436,3430,11071,1510,3436,3430,11071,1510,273428,158480,158560
UL_LAT_BD,2017-03-03 16:16:46.825157,1.73722791672,0.915333032608,0.050544500351,0.286496639252,0.183296442032,0.0513343811035,0.110506296158,0.0990800857544,0.00643920898438,0.0354809761047,0.0210382938385,0.0263876914978,0.17233133316,0.386796712875,3438,3432,11080,1511,3438,3432,11080,1511,273580,158568,158660
UL_LAT_BD,2017-03-03 16:16:46.926935,1.7382376194,0.915669441223,0.0505585670471,0.286618947983,0.183377742767,0.0513594150543,0.110556364059,0.0991189479828,0.00644207000732,0.0355010032654,0.0210492610931,0.0263876914978,0.172435522079,0.386883735657,3440,3434,11088,1512,3440,3434,11088,1512,273732,158656,158764
UL_LAT_BD,2017-03-03 16:16:47.029068,1.74050879478,0.916183233261,0.0505864620209,0.286893129349,0.183540582657,0.0514268875122,0.110641241074,0.099228143692,0.00644731521606,0.0355317592621,0.0210690498352,0.0264286994934,0.172569513321,0.386946678162,3443,3437,11095,1513,3443,3437,11095,1513,273976,158804,158868
UL_LAT_BD,2017-03-03 16:16:47.130893,1.74137210846,0.916436195374,0.0506012439728,0.286998987198,0.183612585068,0.05144572258,0.110685348511,0.0992610454559,0.00645017623901,0.0355477333069,0.0210788249969,0.0264286994934,0.172651290894,0.386988639832,3445,3439,11102,1514,3445,3439,11102,1514,274128,158892,158992
DL_LAT_BD,2017-03-03 16:16:47.062085,103,0,0,0
UL_LAT_BD,2017-03-03 16:16:47.232918,1.74234890938,0.916731119156,0.0506200790405,0.28711605072,0.183699607849,0.0514755249023,0.110739469528,0.0992891788483,0.00645446777344,0.0355596542358,0.0210876464844,0.0264286994934,0.172758102417,0.387033700943,3447,3441,11110,1515,3447,3441,11110,1515,274296,158988,159092
UL_LAT_BD,2017-03-03 16:16:47.335120,1.74327397346,0.916989803314,0.0506348609924,0.287233829498,0.183778524399,0.0514993667603,0.110790729523,0.099326133728,0.00645756721497,0.0355777740479,0.021098613739,0.0264286994934,0.172833204269,0.387074708939,3449,3443,11116,1516,3449,3443,11116,1516,274448,159076,159176
