UL_LAT_BD,2017-03-03 16:17:51.436258,2.46460962296,1.16432952881,0.075318813324,0.406889200211,0.261216878891,0.0754022598267,0.158575057983,0.139782190323,0.00904774665833,0.0490777492523,0.0297605991364,0.0350687503815,0.237609148026,0.418655157089,4868,4876,15169,2157,4868,4876,15169,2157,387696,233248,236532
UL_LAT_BD,2017-03-03 16:17:51.537883,2.46572613716,1.16463828087,0.0753347873688,0.407046079636,0.261300802231,0.0754253864288,0.158627033234,0.139851093292,0.00905084609985,0.049097776413,0.0297749042511,0.0350925922394,0.23770904541,0.418684244156,4870,4878,15177,2158,4870,4878,15177,2158,387848,233340,236612
UL_LAT_BD,2017-03-03 16:17:51.640097,2.46692085266,1.16504883766,0.0753507614136,0.407202959061,0.261390686035,0.0754501819611,0.158683300018,0.139917135239,0.0090537071228,0.0491449832916,0.0297846794128,0.0350925922394,0.237899065018,0.418723106384,4872,4880,15182,2159,4872,4880,15182,2159,388016,233440,236732
UL_LAT_BD,2017-03-03 16:17:51.741896,2.46840047836,1.16550803185,0.0753738880157,0.407432794571,0.261559724808,0.075493812561,0.158799409866,0.139974117279,0.00905871391296,0.049173116684,0.0297996997833,0.0350925922394,0.238062381744,0.418758153915,4875,4883,15188,2160,4875,4883,15188,2160,388260,233580,236832
UL_LAT_BD,2017-03-03 16:17:51.843940,2.46920537949,1.16582536697,0.075389623642,0.407620668411,0.261650562286,0.0755198001862,0.158856153488,0.140069246292,0.00906276702881,0.0491971969604,0.0298178195953,0.0351355075836,0.238127470016,0.418799161911,4877,4885,15194,2161,4877,4885,15194,2161,388412,233668,236936
UL_LAT_BD,2017-03-03 16:17:51.945770,2.47011613846,1.1660823822,0.0754117965698,0.407744884491,0.261738538742,0.075546503067,0.158913373947,0.14010310173,0.00906682014465,0.0492131710052,0.0298278331757,0.0351355075836,0.238196372986,0.418834209442,4879,4887,15200,2162,4879,4887,15200,2162,388580,233764,237036
UL_LAT_BD,2017-03-03 16:17:52.047986,2.47101902962,1.16634774208,0.0754308700562,0.407851934433,0.261813640594,0.0755696296692,0.158961296082,0.140131950378,0.00907063484192,0.0492262840271,0.029837846756,0.0351355075836,0.238291978836,0.418869256973,4881,4889,15207,2163,4881,4889,15207,2163,388732,233852,237140
UL_LAT_BD,2017-03-03 16:17:52.150103,2.47212195396,1.1667175293,0.075455904007,0.408047676086,0.261949300766,0.0756084918976,0.159046173096,0.140189886093,0.00907468795776,0.0492541790009,0.0298538208008,0.0351355075836,0.238391876221,0.418905258179,4884,4892,15214,2164,4884,4892,15214,2164,388976,234000,237240
UL_LAT_BD,2017-03-03 16:17:52.251831,2.47310376167,1.16701245308,0.0754721164703,0.40820479393,0.262026548386,0.0756328105927,0.159093856812,0.140268564224,0.00907754898071,0.0492782592773,0.0298688411713,0.0351665019989,0.238466501236,0.418944120407,4886,4894,15221,2165,4886,4894,15221,2165,389128,234088,237344
DL_LAT_BD,2017-03-03 16:17:52.061962,103,0,0,0
UL_LAT_BD,2017-03-03 16:17:52.353954,2.47400212288,1.167273283,0.0754880905151,0.408327817917,0.262114524841,0.0756566524506,0.159149885178,0.140302419662,0.00908184051514,0.0492911338806,0.0298788547516,0.0351665019989,0.238541603088,0.418981075287,4888,4896,15228,2166,4888,4896,15228,2166,389296,234184,237444
UL_LAT_BD,2017-03-03 16:17:52.455855,2.47489786148,1.16757917404,0.0755071640015,0.408452033997,0.262203454971,0.0756845474243,0.159204721451,0.140336751938,0.0090868473053,0.0493080615997,0.0298869609833,0.0351665019989,0.238660335541,0.419019937515,4890,4898,15232,2167,4890,4898,15232,2167,389448,234272,237564
UL_LAT_BD,2017-03-03 16:17:52.557920,2.47601389885,1.16806316376,0.0755310058594,0.408770799637,0.262338161469,0.0757234096527,0.159287452698,0.140515804291,0.00909185409546,0.0493421554565,0.0299081802368,0.0352776050568,0.238736391068,0.419075965881,4893,4901,15237,2168,4893,4901,15237,2168,389692,234416,237664
UL_LAT_BD,2017-03-03 16:17:52.660109,2.47676968575,1.16829490662,0.075544834137,0.40888261795,0.262412071228,0.075745344162,0.159333467484,0.140552759171,0.0090959072113,0.0493612289429,0.0299181938171,0.0352776050568,0.238790273666,0.419119119644,4895,4903,15241,2169,4895,4903,15241,2169,389844,234508,237764
UL_LAT_BD,2017-03-03 16:17:52.761939,2.47759103775,1.16856718063,0.0755610466003,0.409038543701,0.262513160706,0.075775384903,0.159396648407,0.140606641769,0.00911998748779,0.0493733882904,0.0299291610718,0.0352776050568,0.238851547241,0.419152021408,4897,4905,15245,2170,4897,4905,15245,2170,390012,234608,237860
UL_LAT_BD,2017-03-03 16:17:52.864065,2.47841882706,1.16885399818,0.0755829811096,0.409212350845,0.262636899948,0.075807094574,0.15947675705,0.140653371811,0.00912380218506,0.0493946075439,0.0299422740936,0.0352776050568,0.23890042305,0.419188022614,4900,4908,15249,2171,4900,4908,15249,2171,390240,234740,237964
UL_LAT_BD,2017-03-03 16:17:52.965873,2.47996425629,1.16916894913,0.0756058692932,0.40936923027,0.262723922729,0.0758340358734,0.159530878067,0.140721321106,0.00912570953369,0.0494134426117,0.0299565792084,0.0353035926819,0.238985538483,0.419228076935,4902,4910,15255,2172,4902,4910,15255,2172,390408,234836,238084
UL_LAT_BD,2017-03-03 16:17:53.068017,2.48171019554,1.16945695877,0.075621843338,0.409473180771,0.26279592514,0.075855255127,0.15957570076,0.140751123428,0.00912857055664,0.0494253635406,0.0299665927887,0.0353035926819,0.239100694656,0.419273138046,4904,4912,15263,2173,4904,4912,15263,2173,390560,234932,238188
DL_LAT_BD,2017-03-03 16:17:53.061864,103,0,0,0
UL_LAT_BD,2017-03-03 16:17:53.170021,2.48272180557,1.1697947979,0.0756425857544,0.40962600708,0.262904882431,0.0758862495422,0.159647703171,0.140792131424,0.00913262367249,0.0494432449341,0.0299787521362,0.0353035926819,0.239191770554,0.419316053391,4906,4914,15271,2174,4906,4914,15271,2174,390728,235028,238308
UL_LAT_BD,2017-03-03 16:17:53.271919,2.48378491402,1.17016482353,0.0756664276123,0.409853935242,0.263032913208,0.0759274959564,0.159722805023,0.14089012146,0.00913763046265,0.0494813919067,0.0300018787384,0.0353274345398,0.239263057709,0.419353961945,4909,4917,15278,2175,4909,4917,15278,2175,390956,235160,238392
UL_LAT_BD,2017-03-03 16:17:53.373941,2.48486685753,1.17044901848,0.0756833553314,0.40998673439,0.263126850128,0.0759541988373,0.159780502319,0.14092707634,0.00914072990417,0.0494985580444,0.0300137996674,0.0353274345398,0.23935174942,0.41938996315,4911,4919,15286,2176,4911,4919,15286,2176,391124,235260,238492
UL_LAT_BD,2017-03-03 16:17:53.475854,2.48578333855,1.17071270943,0.0757012367249,0.410108566284,0.263215780258,0.0759885311127,0.159826517105,0.140959024429,0.00914549827576,0.0495104789734,0.0300228595734,0.0353274345398,0.239423513412,0.419430971146,4913,4921,15292,2177,4913,4921,15292,2177,391276,235352,238608
UL_LAT_BD,2017-03-03 16:17:53.577927,2.48676037788,1.17096662521,0.0757150650024,0.410222530365,0.263294696808,0.0760107040405,0.15987443924,0.140993118286,0.00914764404297,0.0495252609253,0.0300331115723,0.0353274345398,0.239507436752,0.419466972351,4915,4923,15300,2178,4915,4923,15300,2178,391428,235440,238708
