UL_LAT_BD,2017-03-03 16:14:25.350755,0.145383358002,0.0489010810852,0.00312852859497,0.0254299640656,0.0186681747437,0.00711822509766,0.00752973556519,0.00645089149475,0.000463485717773,0.00241899490356,0.00150227546692,0.00134801864624,0.0138423442841,0.0053563117981,280,279,875,124,280,279,875,124,22240,12908,13004
UL_LAT_BD,2017-03-03 16:14:25.452957,0.146199941635,0.04927110672,0.00320053100586,0.0256218910217,0.0187470912933,0.00714111328125,0.00757956504822,0.00656080245972,0.000466346740723,0.00243210792542,0.00152230262756,0.00141406059265,0.0139083862305,0.0053882598877,282,281,881,125,282,281,881,125,22392,12996,13104
UL_LAT_BD,2017-03-03 16:14:25.555104,0.147186040878,0.0497987270355,0.00334143638611,0.0258696079254,0.01886510849,0.0071747303009,0.00765371322632,0.0066876411438,0.000470161437988,0.00245141983032,0.00153827667236,0.00149416923523,0.0139954090118,0.00542712211609,285,284,889,126,285,284,889,126,22636,13136,13208
UL_LAT_BD,2017-03-03 16:14:25.656929,0.148066043854,0.0502419471741,0.00341939926147,0.0260956287384,0.0189380645752,0.00719571113586,0.00769853591919,0.00683951377869,0.000473260879517,0.00246024131775,0.00164246559143,0.0015230178833,0.0140926837921,0.0054612159729,287,286,897,127,287,286,897,127,22788,13224,13308
UL_LAT_BD,2017-03-03 16:14:25.759098,0.157892227173,0.0507740974426,0.00349140167236,0.0262005329132,0.0190191268921,0.00721764564514,0.0077486038208,0.00686144828796,0.000476121902466,0.00246644020081,0.00165152549744,0.0015230178833,0.0143933296204,0.00550818443298,289,288,904,128,289,288,904,128,22956,13320,13432
UL_LAT_BD,2017-03-03 16:14:25.860863,0.158764123917,0.051013469696,0.00350546836853,0.0262975692749,0.0190920829773,0.007239818573,0.00779461860657,0.00688552856445,0.000480175018311,0.0024733543396,0.00166153907776,0.0015230178833,0.0144805908203,0.00554037094116,291,290,912,129,291,290,912,129,23108,13408,13532
UL_LAT_BD,2017-03-03 16:14:25.962952,0.16016125679,0.0514607429504,0.00358629226685,0.0264925956726,0.0192120075226,0.00727367401123,0.00787258148193,0.00695753097534,0.000484943389893,0.00249004364014,0.00167965888977,0.00154781341553,0.0145988464355,0.00558042526245,294,293,920,130,294,293,920,130,23352,13548,13636
UL_LAT_BD,2017-03-03 16:14:26.065109,0.161217927933,0.0518853664398,0.00375413894653,0.0266094207764,0.0192949771881,0.00729846954346,0.00792336463928,0.00698947906494,0.000488042831421,0.00250291824341,0.0016918182373,0.00154781341553,0.0146868228912,0.00562238693237,296,295,927,131,296,295,927,131,23504,13644,13776
UL_LAT_BD,2017-03-03 16:14:26.166966,0.16210269928,0.0521926879883,0.00382709503174,0.0267255306244,0.0193769931793,0.00732421875,0.00797557830811,0.00702166557312,0.000490188598633,0.00251865386963,0.00170183181763,0.00154781341553,0.014760017395,0.0056574344635,298,297,934,132,298,297,934,132,23672,13740,13880
DL_LAT_BD,2017-03-03 16:14:26.061964,103,0,0,0
UL_LAT_BD,2017-03-03 16:14:26.269052,0.16321349144,0.0529375076294,0.00423121452332,0.0269277095795,0.0194931030273,0.0073606967926,0.00804924964905,0.00710487365723,0.000494003295898,0.00254678726196,0.00172090530396,0.00157380104065,0.0148530006409,0.00569343566895,301,300,941,133,301,300,941,133,23916,13880,14000
UL_LAT_BD,2017-03-03 16:14:26.370863,0.164222717285,0.0535533428192,0.00430130958557,0.0270326137543,0.0195631980896,0.00738263130188,0.00809335708618,0.00713682174683,0.000495910644531,0.00256204605103,0.00173091888428,0.00157380104065,0.0152397155762,0.00572228431702,303,302,949,134,303,302,949,134,24068,13968,14084
UL_LAT_BD,2017-03-03 16:14:26.472988,0.165148973465,0.0538606643677,0.00437450408936,0.0271546840668,0.0196499824524,0.00740885734558,0.00814819335938,0.00716757774353,0.00049877166748,0.00257706642151,0.0017409324646,0.00157380104065,0.01531291008,0.00575542449951,305,304,955,135,305,304,955,135,24220,14056,14184
UL_LAT_BD,2017-03-03 16:14:26.575153,0.166110038757,0.054235458374,0.00445151329041,0.0273127555847,0.0197529792786,0.00744009017944,0.00821304321289,0.00721955299377,0.000503778457642,0.00259494781494,0.00176501274109,0.00157380104065,0.0153987407684,0.00580239295959,307,306,962,136,307,306,962,136,24388,14152,14308
UL_LAT_BD,2017-03-03 16:14:26.677018,0.1675157547,0.0547802448273,0.00449347496033,0.0276107788086,0.019868850708,0.00747489929199,0.0082859992981,0.00739884376526,0.000509262084961,0.00262403488159,0.00187492370605,0.00159978866577,0.0155045986176,0.00583553314209,310,309,970,137,310,309,970,137,24616,14284,14408
UL_LAT_BD,2017-03-03 16:14:26.779122,0.16880607605,0.055157661438,0.00463128089905,0.0277235507965,0.0199518203735,0.00749778747559,0.0083384513855,0.0074257850647,0.000511169433594,0.00263428688049,0.00188493728638,0.00159978866577,0.0155873298645,0.00587344169617,312,311,976,138,312,311,976,138,24784,14380,14492
UL_LAT_BD,2017-03-03 16:14:26.880876,0.16960978508,0.0554480552673,0.00469946861267,0.0278265476227,0.0200228691101,0.00751948356628,0.00838351249695,0.00745487213135,0.000514030456543,0.00264835357666,0.00189185142517,0.00159978866577,0.0156662464142,0.00590443611145,314,313,983,139,314,313,983,139,24936,14468,14592
UL_LAT_BD,2017-03-03 16:14:26.981816,0.17058801651,0.0557157993317,0.00471329689026,0.0279495716095,0.02010679245,0.00755429267883,0.00842976570129,0.00748991966248,0.000516176223755,0.00266456604004,0.00190186500549,0.00159978866577,0.0157554149628,0.00593757629395,316,315,991,140,316,315,991,140,25088,14556,14696
DL_LAT_BD,2017-03-03 16:14:27.062740,103,0,0,0
UL_LAT_BD,2017-03-03 16:14:27.085110,0.172214031219,0.0561664104462,0.00473523139954,0.0282275676727,0.0202338695526,0.00758790969849,0.0085117816925,0.00763702392578,0.000519037246704,0.00269389152527,0.00191974639893,0.00168776512146,0.0158634185791,0.00597167015076,319,318,999,141,319,318,999,141,25332,14704,14820
