DL_LAT_BD,2017-03-03 16:14:22.612746,531,0,0,0
DL_LAT_BD,2017-03-03 16:14:22.612746,767,0,0,0
UL_LAT_BD,2017-03-03 16:14:22.902960,0.118900060654,0.0408594608307,0.00248551368713,0.021984577179,0.0163931846619,0.00646305084229,0.0060920715332,0.00534224510193,0.000373363494873,0.00189614295959,0.00124096870422,0.00124382972717,0.0117115974426,0.00380825996399,226,225,706,100,226,225,706,100,17944,10412,10496
UL_LAT_BD,2017-03-03 16:14:23.005017,0.120132923126,0.0411529541016,0.0025155544281,0.0221307277679,0.0164833068848,0.00649118423462,0.00614809989929,0.00539517402649,0.000376462936401,0.00193023681641,0.00125169754028,0.00124382972717,0.0117824077606,0.00384616851807,228,227,713,101,228,227,713,101,18112,10508,10596
UL_LAT_BD,2017-03-03 16:14:23.106843,0.12344455719,0.0414886474609,0.00252938270569,0.0222976207733,0.0165543556213,0.00651431083679,0.00619316101074,0.00548815727234,0.000378608703613,0.00197815895081,0.00126481056213,0.00126695632935,0.0118854045868,0.00389003753662,230,229,720,102,230,229,720,102,18264,10604,10720
DL_LAT_BD,2017-03-03 16:14:23.061929,103,0,0,0
UL_LAT_BD,2017-03-03 16:14:23.209106,0.124739408493,0.0418212413788,0.00255489349365,0.0224597454071,0.0166726112366,0.00655007362366,0.00626730918884,0.00552892684937,0.000384330749512,0.00199627876282,0.00127863883972,0.00126695632935,0.0119750499725,0.00393605232239,233,232,726,103,233,232,726,103,18508,10744,10820
UL_LAT_BD,2017-03-03 16:14:23.310862,0.125593662262,0.0420877933502,0.00257015228271,0.0225858688354,0.0167517662048,0.00657296180725,0.00631642341614,0.00557398796082,0.000387191772461,0.00202441215515,0.00128769874573,0.00126695632935,0.0120599269867,0.0039689540863,235,234,733,104,235,234,733,104,18676,10840,10924
UL_LAT_BD,2017-03-03 16:14:23.412955,0.126383304596,0.0423476696014,0.00258421897888,0.0227248668671,0.0168228149414,0.00659465789795,0.00635957717896,0.00564193725586,0.000389099121094,0.00204277038574,0.00130081176758,0.00129294395447,0.0121235847473,0.00400495529175,237,236,739,105,237,236,739,105,18828,10928,11024
UL_LAT_BD,2017-03-03 16:14:23.515107,0.127155542374,0.0425918102264,0.00259804725647,0.0228288173676,0.016893863678,0.00661373138428,0.00640344619751,0.00567293167114,0.000392198562622,0.00205874443054,0.00130796432495,0.00129294395447,0.0121963024139,0.0040500164032,239,238,746,106,239,238,746,106,18980,11016,11128
UL_LAT_BD,2017-03-03 16:14:23.616933,0.128234386444,0.0429933071136,0.00267505645752,0.0230128765106,0.0170209407806,0.00665283203125,0.00648236274719,0.00572609901428,0.000399589538574,0.00208163261414,0.00132584571838,0.00129294395447,0.0122673511505,0.00410795211792,242,241,753,107,242,241,753,107,19224,11156,11228
UL_LAT_BD,2017-03-03 16:14:23.719160,0.129274606705,0.0432806015015,0.00268816947937,0.0231399536133,0.0171060562134,0.00667762756348,0.00653553009033,0.00576591491699,0.000402450561523,0.00210189819336,0.00133776664734,0.00129294395447,0.0123565196991,0.00415897369385,244,243,760,108,244,243,760,108,19376,11244,11332
UL_LAT_BD,2017-03-03 16:14:23.820855,0.130192756653,0.0436353683472,0.00270342826843,0.0233249664307,0.0172061920166,0.00670456886292,0.00659990310669,0.00584769248962,0.000409603118896,0.00212693214417,0.00135350227356,0.00132203102112,0.012469291687,0.00419092178345,246,245,768,109,246,245,768,109,19544,11340,11432
UL_LAT_BD,2017-03-03 16:14:23.922950,0.13109087944,0.0439155101776,0.00271844863892,0.0234270095825,0.0172791481018,0.0067286491394,0.00664401054382,0.00587463378906,0.000411510467529,0.00213813781738,0.0013632774353,0.00132203102112,0.0125777721405,0.00423693656921,248,247,775,110,248,247,775,110,19696,11428,11536
UL_LAT_BD,2017-03-03 16:14:24.025055,0.132083654404,0.0442688465118,0.00274014472961,0.023638010025,0.0174312591553,0.00676774978638,0.0067458152771,0.00593161582947,0.000415563583374,0.0021641254425,0.00138020515442,0.00132203102112,0.0126547813416,0.0042679309845,251,250,782,111,251,250,782,111,19940,11568,11636
DL_LAT_BD,2017-03-03 16:14:24.061987,103,0,0,0
UL_LAT_BD,2017-03-03 16:14:24.126938,0.133610248566,0.044625043869,0.00281023979187,0.0237882137299,0.0175082683563,0.00679516792297,0.00678968429565,0.00600481033325,0.000418663024902,0.00218820571899,0.00139331817627,0.00134801864624,0.0127441883087,0.00430488586426,253,252,790,112,253,252,790,112,20092,11664,11760
UL_LAT_BD,2017-03-03 16:14:24.229093,0.134524822235,0.0448822975159,0.00282621383667,0.0239012241364,0.0175893306732,0.00682020187378,0.00684070587158,0.00603580474854,0.00042200088501,0.00220203399658,0.00140333175659,0.00134801864624,0.0128242969513,0.00434494018555,255,254,797,113,255,254,797,113,20260,11760,11860
UL_LAT_BD,2017-03-03 16:14:24.330865,0.135477304459,0.0451574325562,0.00284242630005,0.0240280628204,0.0176692008972,0.00684452056885,0.00689148902893,0.00608086585999,0.000425338745117,0.0022280216217,0.00141429901123,0.00134801864624,0.0129053592682,0.00438594818115,257,256,804,114,257,256,804,114,20412,11848,11964
UL_LAT_BD,2017-03-03 16:14:24.432957,0.136502504349,0.0454924106598,0.00286626815796,0.0242202281952,0.0177803039551,0.00687599182129,0.00696134567261,0.00615787506104,0.000429630279541,0.00228476524353,0.00142335891724,0.00134801864624,0.0129823684692,0.0044219493866,260,259,811,115,260,259,811,115,20640,11980,12064
UL_LAT_BD,2017-03-03 16:14:24.535105,0.137562036514,0.045797586441,0.00288534164429,0.0243353843689,0.017870426178,0.00690054893494,0.00701713562012,0.00618004798889,0.000432729721069,0.00229692459106,0.00142550468445,0.00134801864624,0.0131099224091,0.00445604324341,262,261,820,116,262,261,820,116,20808,12076,12168
UL_LAT_BD,2017-03-03 16:14:24.636935,0.138411045074,0.0460329055786,0.00290513038635,0.0244362354279,0.0179483890533,0.00692462921143,0.00706791877747,0.00620079040527,0.000435829162598,0.0023078918457,0.00142741203308,0.00134801864624,0.0131783485413,0.00449109077454,264,263,827,117,264,263,827,117,20960,12164,12268
UL_LAT_BD,2017-03-03 16:14:24.739086,0.139495372772,0.0465221405029,0.00292921066284,0.024688243866,0.0181293487549,0.00696682929993,0.00719404220581,0.00626802444458,0.000441074371338,0.00233101844788,0.00145840644836,0.00134801864624,0.0133423805237,0.00452899932861,267,266,835,118,267,266,835,118,21204,12304,12392
UL_LAT_BD,2017-03-03 16:14:24.840797,0.140336513519,0.0467784404755,0.00294423103333,0.0247933864594,0.0182104110718,0.00698852539062,0.00724530220032,0.00628805160522,0.000443935394287,0.00234293937683,0.00145840644836,0.00134801864624,0.0134382247925,0.00456309318542,269,268,842,119,269,268,842,119,21372,12400,12492
UL_LAT_BD,2017-03-03 16:14:24.942946,0.141171216965,0.0470306873322,0.00296235084534,0.0249092578888,0.0182981491089,0.00701332092285,0.00730013847351,0.00631284713745,0.000447750091553,0.0023558139801,0.00146079063416,0.00134801864624,0.0135056972504,0.00460410118103,271,270,848,120,271,270,848,120,21524,12488,12596
UL_LAT_BD,2017-03-03 16:14:25.045162,0.142149925232,0.0473458766937,0.00299453735352,0.0250380039215,0.0183751583099,0.00703430175781,0.00734949111938,0.00636076927185,0.000450611114502,0.002366065979,0.00149273872375,0.00134801864624,0.013612985611,0.00464296340942,273,272,856,121,273,272,856,121,21676,12576,12696
UL_LAT_BD,2017-03-03 16:14:25.146930,0.143624067307,0.0477528572083,0.00302052497864,0.02521276474,0.018501996994,0.00707101821899,0.00742769241333,0.00640392303467,0.000455617904663,0.00239205360413,0.00149846076965,0.00134801864624,0.0137124061584,0.00467705726624,276,275,863,122,276,275,863,122,21920,12724,12800
UL_LAT_BD,2017-03-03 16:14:25.249139,0.144373416901,0.0480456352234,0.00311040878296,0.0253129005432,0.0185770988464,0.00709128379822,0.00747275352478,0.00642704963684,0.000460624694824,0.0024049282074,0.00150036811829,0.00134801864624,0.0137732028961,0.00471115112305,278,277,869,123,278,277,869,123,22072,12812,12900
DL_LAT_BD,2017-03-03 16:14:25.061925,103,0,0,0
