UL_LAT_BD,2017-03-03 16:14:27.186814,0.173251628876,0.0564930438995,0.00475430488586,0.0283453464508,0.0203168392181,0.0076117515564,0.00856351852417,0.00766897201538,0.000523090362549,0.00270676612854,0.00192880630493,0.00168776512146,0.015960931778,0.00605654716492,321,320,1006,142,321,320,1006,142,25500,14800,14924
UL_LAT_BD,2017-03-03 16:14:27.289050,0.174338579178,0.0567395687103,0.00476837158203,0.0284514427185,0.020388841629,0.00763583183289,0.00860857963562,0.00769996643066,0.000526428222656,0.00272059440613,0.00193786621094,0.00168776512146,0.0160419940948,0.00609135627747,323,322,1013,143,323,322,1013,143,25652,14888,15044
UL_LAT_BD,2017-03-03 16:14:27.390872,0.175322055817,0.0570347309113,0.0047824382782,0.0286164283752,0.0204718112946,0.00765943527222,0.00865960121155,0.00778007507324,0.000530481338501,0.00275564193726,0.00194954872131,0.00171160697937,0.0161182880402,0.00612235069275,325,324,1020,144,325,324,1020,144,25820,14984,15148
UL_LAT_BD,2017-03-03 16:14:27.492954,0.176304340363,0.0573406219482,0.00480532646179,0.0287752151489,0.0205776691437,0.00768971443176,0.00872445106506,0.00782823562622,0.000535726547241,0.0027756690979,0.00196743011475,0.00171160697937,0.0162029266357,0.00615239143372,328,327,1028,145,328,327,1028,145,26048,15116,15232
UL_LAT_BD,2017-03-03 16:14:27.595109,0.177209854126,0.0576164722443,0.00481915473938,0.0288953781128,0.0206615924835,0.00771069526672,0.00876832008362,0.00786161422729,0.00053882598877,0.00279235839844,0.00197625160217,0.00171160697937,0.0163028240204,0.00618839263916,330,329,1036,146,330,329,1036,146,26200,15204,15356
UL_LAT_BD,2017-03-03 16:14:27.696948,0.178202867508,0.0579233169556,0.00483632087708,0.0290126800537,0.0207455158234,0.00773787498474,0.00882005691528,0.00789380073547,0.000541925430298,0.00280714035034,0.0019850730896,0.00171160697937,0.0164339542389,0.00622153282166,332,331,1043,147,332,331,1043,147,26368,15300,15456
UL_LAT_BD,2017-03-03 16:14:27.799056,0.179304838181,0.0582828521729,0.00486135482788,0.0292203426361,0.0208694934845,0.00777888298035,0.0088939666748,0.00797557830811,0.000544786453247,0.00283741950989,0.00200200080872,0.00173377990723,0.0165176391602,0.00625467300415,335,334,1049,148,335,334,1049,148,26612,15440,15560
UL_LAT_BD,2017-03-03 16:14:27.901293,0.180270910263,0.0590407848358,0.00488018989563,0.0298435688019,0.0210707187653,0.00780320167542,0.00906276702881,0.0083966255188,0.000549554824829,0.00316548347473,0.00208187103271,0.00173377990723,0.016597032547,0.00628256797791,337,336,1056,149,337,336,1056,149,26764,15528,15644
UL_LAT_BD,2017-03-03 16:14:28.002951,0.181153774261,0.0594053268433,0.00489640235901,0.0300636291504,0.0211446285248,0.00782608985901,0.00910758972168,0.00854086875916,0.000552415847778,0.00318551063538,0.00208973884583,0.00173377990723,0.0166840553284,0.0063145160675,339,338,1063,150,339,338,1063,150,26916,15616,15744
UL_LAT_BD,2017-03-03 16:14:28.105114,0.183101177216,0.0597071647644,0.00491237640381,0.0302248001099,0.0212275981903,0.00785231590271,0.00915741920471,0.0086190700531,0.000556468963623,0.00320529937744,0.00210404396057,0.00176763534546,0.0167608261108,0.00635266304016,341,340,1070,151,341,340,1070,151,27084,15720,15868
UL_LAT_BD,2017-03-03 16:14:28.206988,0.184285163879,0.0600588321686,0.00493264198303,0.0303819179535,0.021336555481,0.00788640975952,0.00922632217407,0.00866413116455,0.000559329986572,0.0032262802124,0.00211906433105,0.00176763534546,0.0168895721436,0.00638556480408,344,343,1080,152,344,343,1080,152,27312,15852,15972
DL_LAT_BD,2017-03-03 16:14:28.061981,103,0,0,0
UL_LAT_BD,2017-03-03 16:14:28.309047,0.185131788254,0.0603339672089,0.00495362281799,0.0305058956146,0.0214126110077,0.0079083442688,0.00927352905273,0.00871109962463,0.000562191009521,0.00325345993042,0.00213003158569,0.00176763534546,0.0169730186462,0.00642037391663,346,345,1088,153,346,345,1088,153,27464,15940,16072
UL_LAT_BD,2017-03-03 16:14:28.410863,0.185897827148,0.0605816841125,0.00496864318848,0.030624628067,0.0214965343475,0.00793218612671,0.00932574272156,0.00874304771423,0.000564098358154,0.0032684803009,0.0021390914917,0.00176763534546,0.0170421600342,0.0064582824707,348,347,1093,154,348,347,1093,154,27632,16036,16156
UL_LAT_BD,2017-03-03 16:14:28.512933,0.186705112457,0.0608484745026,0.00498151779175,0.0307657718658,0.021568775177,0.00795650482178,0.00937175750732,0.00880908966064,0.000566959381104,0.00328969955444,0.00215196609497,0.00179076194763,0.017106294632,0.00649929046631,350,349,1099,155,350,349,1099,155,27784,16124,16260
UL_LAT_BD,2017-03-03 16:14:28.615129,0.188338518143,0.0613617897034,0.00517058372498,0.0309467315674,0.0217018127441,0.00799036026001,0.00945734977722,0.00885510444641,0.000571012496948,0.00331044197083,0.00216579437256,0.00179076194763,0.0171885490417,0.00655221939087,353,352,1106,156,353,352,1106,156,28028,16264,16384
UL_LAT_BD,2017-03-03 16:14:28.717045,0.189301490784,0.0616412162781,0.00518655776978,0.0310757160187,0.0217957496643,0.00802206993103,0.00951242446899,0.00888800621033,0.000573873519897,0.00332450866699,0.00217580795288,0.00179076194763,0.0172791481018,0.00658512115479,355,354,1114,157,355,354,1114,157,28196,16360,16484
UL_LAT_BD,2017-03-03 16:14:28.819147,0.190150260925,0.0619497299194,0.00520372390747,0.0312559604645,0.0218780040741,0.0080451965332,0.00956225395203,0.00898599624634,0.000577688217163,0.00334787368774,0.00220370292664,0.00182771682739,0.0173473358154,0.00661730766296,357,356,1121,158,357,356,1121,158,28348,16448,16568
UL_LAT_BD,2017-03-03 16:14:28.920855,0.191144227982,0.0622460842133,0.00521969795227,0.0313820838928,0.0219602584839,0.00806736946106,0.00961828231812,0.00902605056763,0.000581741333008,0.00336885452271,0.00221681594849,0.00182771682739,0.0174593925476,0.00665020942688,359,358,1129,159,359,358,1129,159,28500,16536,16672
UL_LAT_BD,2017-03-03 16:14:29.022952,0.192151784897,0.0625927448273,0.00524353981018,0.0315580368042,0.0220873355865,0.00810647010803,0.00969552993774,0.00907111167908,0.000585794448853,0.00338792800903,0.00223278999329,0.00182771682739,0.0175440311432,0.00670313835144,362,361,1137,160,362,361,1137,160,28744,16676,16772
UL_LAT_BD,2017-03-03 16:14:29.125110,0.193372964859,0.063246011734,0.00525879859924,0.0320470333099,0.0225393772125,0.00813341140747,0.0101134777069,0.00910711288452,0.000590801239014,0.00340509414673,0.00224375724792,0.00182771682739,0.0176429748535,0.00674223899841,364,363,1145,161,364,363,1145,161,28896,16772,16912
DL_LAT_BD,2017-03-03 16:14:29.061870,103,0,0,0
UL_LAT_BD,2017-03-03 16:14:29.226981,0.194448471069,0.0636069774628,0.00527763366699,0.0322561264038,0.0226671695709,0.00815844535828,0.0102105140686,0.00918745994568,0.000595092773438,0.00342679023743,0.00225687026978,0.00186371803284,0.017733335495,0.00677514076233,366,365,1154,162,366,365,1154,162,29064,16868,17016
UL_LAT_BD,2017-03-03 16:14:29.329043,0.197160959244,0.0639796257019,0.00530791282654,0.0324411392212,0.0227978229523,0.00819754600525,0.0102941989899,0.00923943519592,0.000599145889282,0.00345087051392,0.00227284431458,0.00186371803284,0.0178442001343,0.00680899620056,369,368,1163,163,369,368,1163,163,29308,17008,17116
