UL_LAT_BD,2017-03-03 16:14:18.720868,0.0702610015869,0.0252528190613,0.00150036811829,0.0156772136688,0.0125339031219,0.00531435012817,0.00365161895752,0.00299763679504,0.000226020812988,0.0010359287262,0.00068736076355,0.00071120262146,0.00528597831726,0.00226497650146,133,132,416,59,133,132,416,59,10508,6076,6104
UL_LAT_BD,2017-03-03 16:14:18.822955,0.0710463523865,0.0254850387573,0.00151538848877,0.0157961845398,0.0126187801361,0.00534105300903,0.00370478630066,0.00302982330322,0.000230312347412,0.00105166435242,0.000697374343872,0.00071120262146,0.00535011291504,0.00229406356812,135,134,422,60,135,134,422,60,10676,6172,6188
UL_LAT_BD,2017-03-03 16:14:18.925136,0.0721271038055,0.0257887840271,0.00153732299805,0.0159142017365,0.0127067565918,0.00536179542542,0.00376582145691,0.00305771827698,0.000232219696045,0.00106287002563,0.000705480575562,0.00071120262146,0.00546526908875,0.00233006477356,137,136,432,61,137,136,432,61,10828,6260,6312
UL_LAT_BD,2017-03-03 16:14:19.026996,0.0734128952026,0.0261061191559,0.0015594959259,0.0160703659058,0.0128109455109,0.00539374351501,0.00382971763611,0.00310516357422,0.000236988067627,0.00108480453491,0.000719547271729,0.00071120262146,0.00556325912476,0.00236225128174,140,139,440,62,140,139,440,62,11056,6392,6416
UL_LAT_BD,2017-03-03 16:14:19.128941,0.075163602829,0.0264933109283,0.00157833099365,0.0162963867188,0.012894153595,0.00541996955872,0.00388145446777,0.00324583053589,0.00023889541626,0.00110793113708,0.000733613967896,0.000806093215942,0.00566720962524,0.00239419937134,142,141,447,63,142,141,447,63,11224,6496,6520
UL_LAT_BD,2017-03-03 16:14:19.230862,0.0763802528381,0.0267496109009,0.00159454345703,0.016396522522,0.0129642486572,0.00544118881226,0.00392627716064,0.00327396392822,0.000242233276367,0.00111770629883,0.000742673873901,0.000806093215942,0.00576043128967,0.00243520736694,144,143,454,64,144,143,454,64,11376,6584,6624
DL_LAT_BD,2017-03-03 16:14:19.062731,103,0,0,0
UL_LAT_BD,2017-03-03 16:14:19.332950,0.0777168273926,0.0270254611969,0.00161242485046,0.0165238380432,0.0130593776703,0.00546646118164,0.00399088859558,0.00330305099487,0.000244140625,0.0011305809021,0.000752687454224,0.000806093215942,0.00585031509399,0.00246810913086,146,145,461,65,146,145,461,65,11544,6680,6724
UL_LAT_BD,2017-03-03 16:14:19.435114,0.078861951828,0.0274322032928,0.00163459777832,0.0167407989502,0.0131914615631,0.00549936294556,0.00407934188843,0.00338411331177,0.000247955322266,0.00115871429443,0.000771045684814,0.000828981399536,0.00597643852234,0.00250005722046,149,148,467,66,149,148,467,66,11788,6820,6828
UL_LAT_BD,2017-03-03 16:14:19.536926,0.0807111263275,0.0277285575867,0.00165247917175,0.0168619155884,0.0132756233215,0.00552558898926,0.00413036346436,0.00342106819153,0.000250816345215,0.00117659568787,0.000782251358032,0.000828981399536,0.00607919692993,0.0025429725647,151,150,474,67,151,150,474,67,11940,6908,6948
UL_LAT_BD,2017-03-03 16:14:19.639049,0.0824415683746,0.0280268192291,0.0016655921936,0.0170269012451,0.0133545398712,0.00554943084717,0.00417947769165,0.00350522994995,0.000256061553955,0.00118851661682,0.000843048095703,0.000828981399536,0.00615835189819,0.00257587432861,153,152,481,68,153,152,481,68,12092,6996,7052
UL_LAT_BD,2017-03-03 16:14:19.740858,0.0835053920746,0.0282800197601,0.00168967247009,0.0171408653259,0.0134356021881,0.00557541847229,0.00423049926758,0.00353717803955,0.000259399414062,0.00120329856873,0.000852108001709,0.000828981399536,0.00623035430908,0.00261187553406,155,154,487,69,155,154,487,69,12260,7092,7152
UL_LAT_BD,2017-03-03 16:14:19.842981,0.0844995975494,0.0286378860474,0.00171136856079,0.0173609256744,0.0135457515717,0.00560688972473,0.00429892539978,0.00364422798157,0.000263214111328,0.0012354850769,0.000870227813721,0.00087308883667,0.00630331039429,0.00264573097229,158,157,494,70,158,157,494,70,12488,7224,7256
UL_LAT_BD,2017-03-03 16:14:19.945045,0.0852899551392,0.0288894176483,0.0017294883728,0.0174849033356,0.013641834259,0.00562906265259,0.00436282157898,0.00367021560669,0.000266075134277,0.00124669075012,0.000879049301147,0.00087308883667,0.0063636302948,0.0026867389679,160,159,500,71,160,159,500,71,12656,7320,7356
UL_LAT_BD,2017-03-03 16:14:20.046842,0.08620262146,0.0291714668274,0.00174522399902,0.0176150798798,0.0137391090393,0.00565242767334,0.00442886352539,0.00370121002197,0.000270128250122,0.00126051902771,0.000887870788574,0.00087308883667,0.00645685195923,0.00272488594055,162,161,507,72,162,161,507,72,12808,7408,7480
UL_LAT_BD,2017-03-03 16:14:20.149047,0.0873641967773,0.0296776294708,0.00176811218262,0.0179531574249,0.0138702392578,0.00568890571594,0.0045154094696,0.00390386581421,0.000273942947388,0.00133347511292,0.000903606414795,0.000975131988525,0.00656151771545,0.00275588035583,165,164,515,73,165,164,515,73,13052,7556,7584
DL_LAT_BD,2017-03-03 16:14:20.062018,103,0,0,0
UL_LAT_BD,2017-03-03 16:14:20.250904,0.0883197784424,0.0299689769745,0.00178527832031,0.0180809497833,0.0139560699463,0.00571489334106,0.00457048416138,0.00394201278687,0.000277042388916,0.00135350227356,0.000914573669434,0.000975131988525,0.00665330886841,0.00280070304871,167,166,522,74,167,166,522,74,13204,7644,7688
UL_LAT_BD,2017-03-03 16:14:20.352979,0.0891058444977,0.0302174091339,0.0018002986908,0.0181920528412,0.0140371322632,0.0057384967804,0.0046226978302,0.00396990776062,0.000278949737549,0.0013632774353,0.000923633575439,0.000975131988525,0.00673460960388,0.00283288955688,169,168,529,75,169,168,529,75,13372,7740,7788
UL_LAT_BD,2017-03-03 16:14:20.455002,0.0901098251343,0.0305426120758,0.00182008743286,0.0183200836182,0.0141310691833,0.00575947761536,0.00469279289246,0.0040009021759,0.000281095504761,0.00137734413147,0.000932693481445,0.000975131988525,0.00684666633606,0.00289082527161,171,170,536,76,171,170,536,76,13524,7828,7892
UL_LAT_BD,2017-03-03 16:14:20.556837,0.0910634994507,0.0308997631073,0.00184392929077,0.0185322761536,0.0142529010773,0.00579738616943,0.00476884841919,0.00408911705017,0.000286340713501,0.00140690803528,0.000950813293457,0.00100111961365,0.00691843032837,0.00293159484863,174,173,543,77,174,173,543,77,13768,7968,8012
UL_LAT_BD,2017-03-03 16:14:20.659051,0.0917820930481,0.0311315059662,0.00185799598694,0.0186371803284,0.014328956604,0.00582122802734,0.00481367111206,0.00411605834961,0.000290393829346,0.0014169216156,0.000959873199463,0.00100111961365,0.00699162483215,0.00296449661255,176,175,550,78,176,175,550,78,13920,8056,8116
UL_LAT_BD,2017-03-03 16:14:20.760867,0.0926194190979,0.0313858985901,0.00186991691589,0.0187621116638,0.0144157409668,0.00585603713989,0.00486159324646,0.00415205955505,0.000293493270874,0.00143480300903,0.000970840454102,0.00100111961365,0.00706839561462,0.00299739837646,178,177,557,79,178,177,557,79,14072,8144,8216
