UL_LAT_BD,2017-03-03 16:17:44.703948,2.38875174522,1.1419968605,0.0734622478485,0.395481586456,0.253760099411,0.0727941989899,0.154300689697,0.13600564003,0.00879430770874,0.047678232193,0.0288527011871,0.0342512130737,0.231979846954,0.415988206863,4718,4726,14754,2091,4718,4726,14754,2091,375784,226220,229576
UL_LAT_BD,2017-03-03 16:17:44.805857,2.38956069946,1.14223909378,0.0734763145447,0.395589351654,0.253837823868,0.0728144645691,0.154349565506,0.136034727097,0.00879859924316,0.0476880073547,0.0288627147675,0.0342512130737,0.232059001923,0.416023254395,4720,4728,14761,2092,4720,4728,14761,2092,375936,226308,229676
UL_LAT_BD,2017-03-03 16:17:44.907908,2.39054656029,1.14272689819,0.0734984874725,0.395775079727,0.253963708878,0.0728521347046,0.154423713684,0.136090755463,0.0088038444519,0.0477149486542,0.0288786888123,0.0342512130737,0.232273817062,0.416077375412,4723,4731,14767,2093,4723,4731,14767,2093,376164,226444,229776
UL_LAT_BD,2017-03-03 16:17:45.010107,2.39159846306,1.1431415081,0.0735201835632,0.396028757095,0.25408244133,0.0728878974915,0.154497623444,0.136222600937,0.00880789756775,0.0477759838104,0.0288968086243,0.0342922210693,0.232354402542,0.416128396988,4725,4733,14773,2094,4725,4733,14773,2094,376332,226548,229896
DL_LAT_BD,2017-03-03 16:17:45.061904,103,0,0,0
UL_LAT_BD,2017-03-03 16:17:45.111875,2.39269709587,1.14344549179,0.0735392570496,0.39617562294,0.254156351089,0.0729196071625,0.154527187347,0.136291742325,0.00881290435791,0.0478231906891,0.0289087295532,0.0342922210693,0.232447385788,0.416164398193,4727,4735,14779,2095,4727,4735,14779,2095,376500,226648,229996
UL_LAT_BD,2017-03-03 16:17:45.213940,2.39380407333,1.14378046989,0.0735609531403,0.39635682106,0.254290342331,0.0729560852051,0.154613018036,0.136334896088,0.00881719589233,0.0478420257568,0.0289227962494,0.0342922210693,0.232538223267,0.416196346283,4730,4738,14786,2096,4730,4738,14786,2096,376728,226788,230100
UL_LAT_BD,2017-03-03 16:17:45.315863,2.39487361908,1.14408302307,0.0735750198364,0.396471500397,0.254371166229,0.0729839801788,0.154659986496,0.136364936829,0.00881934165955,0.0478579998016,0.0289299488068,0.0342922210693,0.232656240463,0.416244506836,4732,4740,14794,2097,4732,4740,14794,2097,376880,226876,230200
UL_LAT_BD,2017-03-03 16:17:45.417940,2.39581942558,1.1444029808,0.0735900402069,0.396626710892,0.25445318222,0.0730068683624,0.154710054398,0.136437177658,0.0088222026825,0.0478789806366,0.0289459228516,0.0343160629272,0.232758522034,0.416280508041,4734,4742,14802,2098,4734,4742,14802,2098,377032,226964,230304
UL_LAT_BD,2017-03-03 16:17:45.520010,2.39668178558,1.14467906952,0.0736079216003,0.39675283432,0.254548072815,0.0730359554291,0.154769897461,0.136467456818,0.00882649421692,0.0478909015656,0.0289559364319,0.0343160629272,0.232845544815,0.416314601898,4736,4744,14811,2099,4736,4744,14811,2099,377216,227068,230404
UL_LAT_BD,2017-03-03 16:17:45.621874,2.39767384529,1.14500761032,0.0736267566681,0.396916866302,0.25465965271,0.073068857193,0.154845714569,0.136515855789,0.00883173942566,0.0479135513306,0.0289697647095,0.0343160629272,0.232942581177,0.416352748871,4739,4747,14819,2100,4739,4747,14819,2100,377428,227192,230504
UL_LAT_BD,2017-03-03 16:17:45.724065,2.39857387543,1.14529895782,0.0736458301544,0.397068738937,0.254744529724,0.0730938911438,0.154895544052,0.13658285141,0.00883483886719,0.0479323863983,0.0289840698242,0.0343401432037,0.233009338379,0.416396617889,4741,4749,14825,2101,4741,4749,14825,2101,377596,227292,230604
UL_LAT_BD,2017-03-03 16:17:45.825845,2.39947724342,1.14562988281,0.073659658432,0.397243499756,0.254865407944,0.0731315612793,0.154968500137,0.136633634567,0.00883984565735,0.0479593276978,0.0289978981018,0.0343401432037,0.233100175858,0.416437625885,4743,4751,14832,2102,4743,4751,14832,2102,377764,227388,230728
UL_LAT_BD,2017-03-03 16:17:45.928037,2.40030908585,1.14587426186,0.0736765861511,0.397364377975,0.254943370819,0.0731534957886,0.155016422272,0.136674642563,0.00884366035461,0.0479753017426,0.0290138721466,0.0343401432037,0.233170986176,0.416466474533,4745,4753,14839,2103,4745,4753,14839,2103,377916,227476,230808
UL_LAT_BD,2017-03-03 16:17:46.030126,2.40118288994,1.14618015289,0.0737006664276,0.397549390793,0.255081415176,0.0731925964355,0.15510392189,0.136719703674,0.00884747505188,0.0479965209961,0.0290257930756,0.0343401432037,0.233225822449,0.416500329971,4748,4756,14844,2104,4748,4756,14844,2104,378176,227620,230912
UL_LAT_BD,2017-03-03 16:17:46.131915,2.4021551609,1.14647936821,0.0737135410309,0.397702455521,0.255153417587,0.073216676712,0.155148029327,0.136799573898,0.00885152816772,0.048018693924,0.0290377140045,0.0343751907349,0.233307123184,0.416543483734,4750,4758,14851,2105,4750,4758,14851,2105,378312,227708,230996
UL_LAT_BD,2017-03-03 16:17:46.233943,2.40289497375,1.14682507515,0.0737295150757,0.397928237915,0.255341291428,0.0732524394989,0.155293226242,0.136834621429,0.00885581970215,0.0480318069458,0.0290505886078,0.0343751907349,0.233369112015,0.416577339172,4752,4760,14856,2106,4752,4760,14856,2106,378480,227808,231100
DL_LAT_BD,2017-03-03 16:17:46.061903,103,0,0,0
UL_LAT_BD,2017-03-03 16:17:46.335799,2.4037899971,1.14707326889,0.073742389679,0.398035287857,0.255415201187,0.0732753276825,0.155339479446,0.136866807938,0.00885891914368,0.048045873642,0.0290615558624,0.0343751907349,0.233448982239,0.416615486145,4754,4762,14863,2107,4754,4762,14863,2107,378632,227896,231220
UL_LAT_BD,2017-03-03 16:17:46.437971,2.40483999252,1.14753437042,0.0737631320953,0.398339509964,0.255571126938,0.0733323097229,0.155422210693,0.137011289597,0.00886511802673,0.0480766296387,0.0290794372559,0.0344572067261,0.233541965485,0.416648387909,4757,4765,14869,2108,4757,4765,14869,2108,378876,228044,231324
UL_LAT_BD,2017-03-03 16:17:46.540112,2.40577578545,1.14782071114,0.0737788677216,0.398470401764,0.255667209625,0.0733561515808,0.155486106873,0.137043237686,0.00886726379395,0.0480916500092,0.0290882587433,0.0344572067261,0.233628749847,0.41669344902,4759,4767,14876,2109,4759,4767,14876,2109,379044,228140,231464
UL_LAT_BD,2017-03-03 16:17:46.641936,2.40679645538,1.14808249474,0.0737929344177,0.398571491241,0.255738258362,0.0733773708344,0.15553021431,0.137070417404,0.00887036323547,0.0481026172638,0.0290992259979,0.0344572067261,0.233732700348,0.416728258133,4761,4769,14884,2110,4761,4769,14884,2110,379196,228228,231568
UL_LAT_BD,2017-03-03 16:17:46.743946,2.41048073769,1.14851975441,0.0738151073456,0.398847579956,0.255861997604,0.0734171867371,0.155605316162,0.137219190598,0.00887608528137,0.0482223033905,0.0291111469269,0.0344572067261,0.233813524246,0.416758298874,4764,4772,14890,2111,4764,4772,14890,2111,379424,228360,231652
UL_LAT_BD,2017-03-03 16:17:46.845849,2.41132307053,1.14882040024,0.0738291740417,0.399012565613,0.255936861038,0.0734379291534,0.155649185181,0.137303113937,0.00887894630432,0.0482442378998,0.0291323661804,0.0344882011414,0.233883142471,0.416803359985,4766,4774,14896,2112,4766,4774,14896,2112,379576,228452,231772
UL_LAT_BD,2017-03-03 16:17:46.947893,2.4121799469,1.14908862114,0.073851108551,0.399138450623,0.256032705307,0.0734703540802,0.155707359314,0.137330055237,0.00888085365295,0.048255443573,0.0291423797607,0.0344882011414,0.233961343765,0.416836261749,4768,4776,14902,2113,4768,4776,14902,2113,379760,228560,231872
UL_LAT_BD,2017-03-03 16:17:47.050107,2.41293072701,1.14932894707,0.0738651752472,0.399240255356,0.256094694138,0.0735011100769,0.155736446381,0.137367010117,0.00888276100159,0.0482754707336,0.0291533470154,0.0344882011414,0.234026193619,0.416885375977,4770,4778,14907,2114,4770,4778,14907,2114,379928,228660,232008
