UL_LAT_BD,2017-03-03 16:16:22.956982,1.45398902893,0.820731878281,0.0428073406219,0.242438316345,0.157153844833,0.0427048206329,0.0949990749359,0.0818173885345,0.00534224510193,0.0300736427307,0.0176908969879,0.0204184055328,0.146915197372,0.374387264252,2908,2902,9335,1277,2908,2902,9335,1277,231456,134112,134192
UL_LAT_BD,2017-03-03 16:16:23.059066,1.45487713814,0.820994615555,0.0428204536438,0.242546319962,0.157228946686,0.0427258014679,0.095046043396,0.0818493366241,0.00534534454346,0.030086517334,0.0177009105682,0.0204184055328,0.146999359131,0.374434232712,2910,2904,9342,1278,2910,2904,9342,1278,231608,134208,134296
UL_LAT_BD,2017-03-03 16:16:23.160810,1.45601201057,0.8214199543,0.0428376197815,0.242667198181,0.157317876816,0.0427525043488,0.0951013565063,0.0818812847137,0.0053493976593,0.0301012992859,0.0177090167999,0.0204184055328,0.147230148315,0.374475240707,2912,2906,9352,1279,2912,2906,9352,1279,231776,134304,134400
DL_LAT_BD,2017-03-03 16:16:23.061958,103,0,0,0
UL_LAT_BD,2017-03-03 16:16:23.262912,1.4570171833,0.821699857712,0.042852640152,0.2427983284,0.157404661179,0.0427765846252,0.0951564311981,0.0819244384766,0.00535345077515,0.0301232337952,0.0177209377289,0.0204184055328,0.147320985794,0.374507188797,2914,2908,9360,1280,2914,2908,9360,1280,231928,134392,134500
UL_LAT_BD,2017-03-03 16:16:23.365138,1.45807218552,0.822099924088,0.0428757667542,0.243036270142,0.157544374466,0.0428214073181,0.0952425003052,0.082017660141,0.00535821914673,0.0301549434662,0.0177431106567,0.0204412937164,0.147413730621,0.374540090561,2917,2911,9367,1281,2917,2911,9367,1281,232172,134532,134604
UL_LAT_BD,2017-03-03 16:16:23.466937,1.4590780735,0.82240653038,0.0428907871246,0.243178129196,0.157643318176,0.0428509712219,0.0953035354614,0.0820577144623,0.00536227226257,0.030170917511,0.0177571773529,0.0204412937164,0.147518634796,0.374575138092,2919,2913,9375,1282,2919,2913,9375,1282,232324,134620,134704
UL_LAT_BD,2017-03-03 16:16:23.569046,1.46069097519,0.822775602341,0.0429127216339,0.243362188339,0.157775163651,0.0428898334503,0.0953855514526,0.0821080207825,0.00536942481995,0.0301957130432,0.0177712440491,0.0204412937164,0.147628545761,0.374620199203,2921,2915,9382,1283,2921,2915,9382,1283,232492,134716,134828
UL_LAT_BD,2017-03-03 16:16:23.670820,1.46156167984,0.823237419128,0.0429277420044,0.243641138077,0.157861232758,0.0429146289825,0.0954387187958,0.0822989940643,0.00537347793579,0.0302255153656,0.0177893638611,0.020574092865,0.147753953934,0.37465429306,2923,2917,9390,1284,2923,2917,9390,1284,232644,134804,134928
UL_LAT_BD,2017-03-03 16:16:23.772968,1.46248793602,0.823541164398,0.042950630188,0.243807315826,0.157979488373,0.0429499149323,0.0955128669739,0.0823421478271,0.00537633895874,0.0302445888519,0.0178031921387,0.020574092865,0.147825956345,0.37469124794,2926,2920,9397,1285,2926,2920,9397,1285,232888,134944,135052
UL_LAT_BD,2017-03-03 16:16:23.875032,1.46375370026,0.823872804642,0.0429706573486,0.243927240372,0.15806221962,0.0429756641388,0.0955648422241,0.082376241684,0.00537919998169,0.0302605628967,0.0178129673004,0.020574092865,0.147942781448,0.374725103378,2928,2922,9406,1286,2928,2922,9406,1286,233056,135040,135152
UL_LAT_BD,2017-03-03 16:16:23.976936,1.46646928787,0.824183940887,0.0429866313934,0.244051456451,0.158149242401,0.0429966449738,0.0956230163574,0.0824110507965,0.00538206100464,0.0302765369415,0.0178229808807,0.020574092865,0.148059606552,0.374767065048,2930,2924,9415,1287,2930,2924,9415,1287,233208,135128,135256
DL_LAT_BD,2017-03-03 16:16:24.060815,103,0,0,0
UL_LAT_BD,2017-03-03 16:16:24.078976,1.46757268906,0.824607610703,0.0430104732513,0.244283437729,0.158283233643,0.0430345535278,0.0957059860229,0.0825049877167,0.0053870677948,0.0303118228912,0.01784491539,0.0206000804901,0.148146629333,0.374835968018,2933,2927,9422,1288,2933,2927,9422,1288,233452,135276,135396
UL_LAT_BD,2017-03-03 16:16:24.180851,1.46848988533,0.824895381927,0.0430417060852,0.244413375854,0.158367395401,0.0430586338043,0.0957579612732,0.0825488567352,0.00539088249207,0.0303359031677,0.0178558826447,0.0206000804901,0.14822936058,0.374871015549,2935,2929,9431,1289,2935,2929,9431,1289,233604,135364,135500
UL_LAT_BD,2017-03-03 16:16:24.283131,1.46938610077,0.825176954269,0.04305768013,0.244536399841,0.158448457718,0.0430827140808,0.0958077907562,0.0825898647308,0.00539398193359,0.0303559303284,0.0178678035736,0.0206000804901,0.148327350616,0.37490606308,2937,2931,9438,1290,2937,2931,9438,1290,233756,135452,135600
UL_LAT_BD,2017-03-03 16:16:24.385035,1.47047448158,0.825603961945,0.04314661026,0.244727611542,0.15856051445,0.0431125164032,0.0958845615387,0.0826659202576,0.00539779663086,0.0303809642792,0.0178825855255,0.0206260681152,0.148428201675,0.374944210052,2939,2933,9446,1291,2939,2933,9446,1291,233924,135548,135704
UL_LAT_BD,2017-03-03 16:16:24.486918,1.4716527462,0.82607960701,0.0432682037354,0.244966506958,0.158739328384,0.0431714057922,0.0959894657135,0.0827221870422,0.0054042339325,0.0304048061371,0.0178983211517,0.0206260681152,0.148501396179,0.374977350235,2942,2936,9453,1292,2942,2936,9453,1292,234168,135688,135804
UL_LAT_BD,2017-03-03 16:16:24.589056,1.47275686264,0.826471567154,0.0433552265167,0.245090484619,0.15882229805,0.043196439743,0.0960423946381,0.0827603340149,0.00540709495544,0.0304238796234,0.0179083347321,0.0206260681152,0.148617267609,0.375026226044,2944,2938,9461,1293,2944,2938,9461,1293,234320,135776,135908
UL_LAT_BD,2017-03-03 16:16:24.690818,1.47377324104,0.826796293259,0.0433714389801,0.245254278183,0.158946275711,0.0432505607605,0.0961022377014,0.0827972888947,0.00541114807129,0.0304419994354,0.017920255661,0.0206260681152,0.148711204529,0.375069141388,2946,2940,9467,1294,2946,2940,9467,1294,234488,135872,136008
UL_LAT_BD,2017-03-03 16:16:24.792966,1.47473931313,0.827105998993,0.0433876514435,0.245408296585,0.159023284912,0.0432744026184,0.096152305603,0.0828733444214,0.00541400909424,0.030464887619,0.0179352760315,0.0206549167633,0.148797273636,0.375113010406,2948,2942,9473,1295,2948,2942,9473,1295,234640,135960,136112
UL_LAT_BD,2017-03-03 16:16:24.895033,1.47574543953,0.827451229095,0.0434114933014,0.245594024658,0.159156084061,0.043309211731,0.096241235733,0.082923412323,0.00541877746582,0.0304880142212,0.0179483890533,0.0206549167633,0.148889064789,0.375149965286,2951,2945,9481,1296,2951,2945,9481,1296,234868,136092,136212
UL_LAT_BD,2017-03-03 16:16:24.996943,1.47668218613,0.827793359756,0.0434274673462,0.245720863342,0.159245967865,0.0433349609375,0.0962982177734,0.0829575061798,0.00542163848877,0.0305051803589,0.0179584026337,0.0206549167633,0.148975133896,0.375252962112,2953,2947,9489,1297,2953,2947,9489,1297,235036,136188,136316
UL_LAT_BD,2017-03-03 16:16:25.099057,1.47764372826,0.828128099442,0.043440580368,0.245898723602,0.159329891205,0.043359041214,0.0963480472565,0.0830495357513,0.0054247379303,0.0305309295654,0.0179743766785,0.020693063736,0.149064779282,0.37529706955,2955,2949,9496,1298,2955,2949,9496,1298,235188,136284,136420
