UL_LAT_BD,2017-03-03 16:16:51.415006,1.7972304821,0.932034492493,0.0515112876892,0.295179128647,0.18816947937,0.0528173446655,0.113545417786,0.102774143219,0.00661134719849,0.0364999771118,0.0216243267059,0.0280067920685,0.17667722702,0.388744831085,3539,3533,11412,1556,3539,3533,11412,1556,281608,163260,163376
UL_LAT_BD,2017-03-03 16:16:51.516931,1.79819059372,0.932324647903,0.0515251159668,0.295315265656,0.188265323639,0.052844285965,0.113605499268,0.102810144424,0.00661540031433,0.0365130901337,0.0216372013092,0.0280067920685,0.176773309708,0.388777732849,3541,3535,11421,1557,3541,3535,11421,1557,281760,163348,163476
UL_LAT_BD,2017-03-03 16:16:51.619041,1.7992348671,0.932685613632,0.0515470504761,0.29551410675,0.188401460648,0.0528817176819,0.113687515259,0.102869987488,0.00662231445312,0.0365421772003,0.0216541290283,0.0280067920685,0.176855325699,0.388822793961,3544,3538,11429,1558,3544,3538,11429,1558,282004,163488,163580
UL_LAT_BD,2017-03-03 16:16:51.720793,1.80022025108,0.933022737503,0.0515713691711,0.295696973801,0.18848156929,0.0529046058655,0.113737344742,0.102971792221,0.00662422180176,0.0365693569183,0.0216691493988,0.0280556678772,0.176941633224,0.388858795166,3546,3540,11436,1559,3546,3540,11436,1559,282156,163576,163680
UL_LAT_BD,2017-03-03 16:16:51.822960,1.80116653442,0.933324813843,0.0515913963318,0.295841217041,0.188585519791,0.0529346466064,0.1138048172,0.103012084961,0.00662636756897,0.0365874767303,0.0216810703278,0.0280556678772,0.177033662796,0.388893842697,3548,3542,11444,1560,3548,3542,11444,1560,282324,163672,163784
UL_LAT_BD,2017-03-03 16:16:51.925025,1.8021364212,0.933600664139,0.0516073703766,0.295969009399,0.188673496246,0.0529613494873,0.113860845566,0.103048086166,0.00663232803345,0.0366015434265,0.0216932296753,0.0280556678772,0.177123069763,0.388926744461,3550,3544,11452,1561,3550,3544,11452,1561,282476,163760,163884
UL_LAT_BD,2017-03-03 16:16:52.026824,1.80329942703,0.933928489685,0.0516333580017,0.296153068542,0.188800573349,0.05299949646,0.113941907883,0.103100299835,0.00663757324219,0.036625623703,0.0217072963715,0.0280556678772,0.177197217941,0.388960599899,3553,3547,11458,1562,3553,3547,11458,1562,282720,163900,163988
UL_LAT_BD,2017-03-03 16:16:52.129041,1.80423927307,0.934250593185,0.0516483783722,0.296333789825,0.188883543015,0.0530226230621,0.113995075226,0.103196144104,0.00664043426514,0.0366525650024,0.0217254161835,0.0280964374542,0.177282094955,0.388993501663,3555,3549,11465,1563,3555,3549,11465,1563,282872,163996,164092
UL_LAT_BD,2017-03-03 16:16:52.230863,1.80518221855,0.934530735016,0.0516645908356,0.296452999115,0.188958644867,0.0530452728271,0.114039897919,0.103239059448,0.00664353370667,0.0366744995117,0.0217373371124,0.0280964374542,0.177363157272,0.389049530029,3557,3551,11472,1564,3557,3551,11472,1564,283024,164084,164176
DL_LAT_BD,2017-03-03 16:16:52.062744,103,0,0,0
UL_LAT_BD,2017-03-03 16:16:52.333062,1.80606746674,0.934880971909,0.0517725944519,0.296571969986,0.189043521881,0.053070306778,0.114093780518,0.103270053864,0.00664663314819,0.0366902351379,0.0217452049255,0.0280964374542,0.177441596985,0.389088392258,3559,3553,11479,1565,3559,3553,11479,1565,283192,164180,164296
UL_LAT_BD,2017-03-03 16:16:52.435014,1.80727624893,0.935304880142,0.0517964363098,0.296802997589,0.189166545868,0.0531075000763,0.114169836044,0.10337471962,0.00665259361267,0.0367271900177,0.0217671394348,0.028130531311,0.177568912506,0.389122247696,3562,3556,11487,1566,3562,3556,11487,1566,283420,164312,164400
UL_LAT_BD,2017-03-03 16:16:52.536960,1.80825996399,0.935584783554,0.0518133640289,0.296925783157,0.189252614975,0.0531334877014,0.114226102829,0.103407621384,0.00665664672852,0.0367441177368,0.0217781066895,0.028130531311,0.177656173706,0.389166355133,3564,3558,11495,1567,3564,3558,11495,1567,283588,164408,164500
UL_LAT_BD,2017-03-03 16:16:52.639083,1.80929040909,0.935907363892,0.0518274307251,0.297076940536,0.189356803894,0.0531597137451,0.114293813705,0.103451728821,0.00666260719299,0.0367653369904,0.0217900276184,0.028130531311,0.177757024765,0.389211416245,3566,3560,11504,1568,3566,3560,11504,1568,283740,164496,164604
UL_LAT_BD,2017-03-03 16:16:52.740844,1.81022071838,0.936192512512,0.0518486499786,0.29722571373,0.189466714859,0.0531883239746,0.114371061325,0.103488683701,0.00666570663452,0.0367834568024,0.021800994873,0.028130531311,0.177831411362,0.389246463776,3568,3562,11511,1569,3568,3562,11511,1569,283908,164592,164688
UL_LAT_BD,2017-03-03 16:16:52.843068,1.81137442589,0.936610937119,0.0518701076508,0.297458648682,0.189601421356,0.0532410144806,0.114444971085,0.103584051132,0.00666999816895,0.0368161201477,0.0218229293823,0.0281574726105,0.177931785583,0.389301538467,3571,3565,11518,1570,3571,3565,11518,1570,284136,164724,164812
UL_LAT_BD,2017-03-03 16:16:52.945015,1.81249189377,0.936986446381,0.0518870353699,0.297634601593,0.189712285995,0.0532741546631,0.114514112473,0.103645324707,0.00667428970337,0.0368292331696,0.0218615531921,0.0281574726105,0.178065776825,0.389342546463,3573,3567,11527,1571,3573,3567,11527,1571,284304,164820,164932
UL_LAT_BD,2017-03-03 16:16:53.046816,1.81399607658,0.937384605408,0.0519022941589,0.29777765274,0.189812421799,0.0532991886139,0.114578962326,0.103686332703,0.006676197052,0.0368502140045,0.0218725204468,0.0281574726105,0.178261041641,0.389377593994,3575,3569,11535,1572,3575,3569,11535,1572,284456,164908,165036
UL_LAT_BD,2017-03-03 16:16:53.149041,1.81496453285,0.937787532806,0.0519242286682,0.298004627228,0.189932584763,0.0533344745636,0.114655971527,0.103789329529,0.00668001174927,0.0368812084198,0.021892786026,0.0281994342804,0.178333997726,0.389449596405,3578,3572,11542,1573,3578,3572,11542,1573,284700,165056,165136
DL_LAT_BD,2017-03-03 16:16:53.062727,103,0,0,0
UL_LAT_BD,2017-03-03 16:16:53.250828,1.81606316566,0.938068389893,0.0519392490387,0.298141479492,0.190008640289,0.0533554553986,0.114703893661,0.103848218918,0.00668382644653,0.0369193553925,0.0219037532806,0.0281994342804,0.17841219902,0.389495611191,3580,3574,11549,1574,3580,3574,11549,1574,284852,165144,165240
UL_LAT_BD,2017-03-03 16:16:53.352985,1.81701898575,0.938345909119,0.0519542694092,0.29824757576,0.190083742142,0.0533766746521,0.114749908447,0.103879213333,0.0066876411438,0.0369312763214,0.021913766861,0.0281994342804,0.17852139473,0.389531612396,3582,3576,11556,1575,3582,3576,11556,1575,285004,165232,165340
UL_LAT_BD,2017-03-03 16:16:53.455013,1.81810832024,0.938656330109,0.0519740581512,0.298405408859,0.190206766129,0.0534148216248,0.11483001709,0.103911161423,0.00669145584106,0.0369484424591,0.021922826767,0.0281994342804,0.178608894348,0.389565706253,3584,3578,11564,1576,3584,3578,11564,1576,285172,165328,165444
UL_LAT_BD,2017-03-03 16:16:53.556956,1.81921339035,0.939187526703,0.0521309375763,0.298627138138,0.190334320068,0.0534512996674,0.114910125732,0.104002475739,0.00669693946838,0.0369791984558,0.0219419002533,0.0282263755798,0.178713798523,0.389602899551,3587,3581,11572,1577,3587,3581,11572,1577,285416,165468,165544
