UL_LAT_BD,2017-03-03 16:18:01.840048,2.57976150513,1.20510172844,0.0783858299255,0.425359249115,0.271670818329,0.0785262584686,0.165055513382,0.147563934326,0.00994992256165,0.0510823726654,0.0317249298096,0.0372931957245,0.246429920197,0.425544500351,5099,5107,15800,2259,5099,5107,15800,2259,406084,244052,247084
UL_LAT_BD,2017-03-03 16:18:01.941853,2.58056640625,1.20554113388,0.0785269737244,0.425527095795,0.271744728088,0.0785479545593,0.165101528168,0.147655963898,0.00995302200317,0.0511021614075,0.0317389965057,0.0373404026031,0.246510028839,0.425587415695,5101,5109,15806,2260,5101,5109,15806,2260,406236,244140,247184
UL_LAT_BD,2017-03-03 16:18:02.044038,2.58245205879,1.20595192909,0.0785541534424,0.425767183304,0.271934747696,0.0786399841309,0.165186405182,0.147704124451,0.00995826721191,0.0511219501495,0.0317528247833,0.0373404026031,0.246609687805,0.425623416901,5104,5112,15813,2261,5104,5112,15813,2261,406480,244280,247288
UL_LAT_BD,2017-03-03 16:18:02.145870,2.58334040642,1.20621109009,0.0785691738129,0.425892353058,0.272017717361,0.0786669254303,0.165234565735,0.147742986679,0.00996136665344,0.051139831543,0.031763792038,0.0373404026031,0.246684789658,0.425659418106,5106,5114,15821,2262,5106,5114,15821,2262,406632,244380,247388
DL_LAT_BD,2017-03-03 16:18:02.061876,103,0,0,0
UL_LAT_BD,2017-03-03 16:18:02.247976,2.58415007591,1.20648813248,0.0785844326019,0.426035165787,0.272118806839,0.0786967277527,0.165295600891,0.147782802582,0.00996923446655,0.0511589050293,0.0317718982697,0.0373404026031,0.246759653091,0.425695419312,5108,5116,15828,2263,5108,5116,15828,2263,406800,244480,247488
UL_LAT_BD,2017-03-03 16:18:02.349047,2.58503818512,1.20687484741,0.0786664485931,0.42621421814,0.272213697433,0.0787265300751,0.165352582932,0.147863864899,0.00997304916382,0.051185131073,0.0317897796631,0.0373682975769,0.246831178665,0.425742387772,5110,5118,15833,2264,5110,5118,15833,2264,406952,244572,247584
UL_LAT_BD,2017-03-03 16:18:02.451892,2.58610606194,1.20718955994,0.0786924362183,0.426379203796,0.272333621979,0.0787680149078,0.165424346924,0.14790391922,0.0099790096283,0.0512011051178,0.0318040847778,0.0373682975769,0.246902942657,0.425784349442,5113,5121,15839,2265,5113,5121,15839,2265,407196,244716,247720
UL_LAT_BD,2017-03-03 16:18:02.554038,2.58680319786,1.20752716064,0.0787603855133,0.426540136337,0.272458553314,0.0788080692291,0.165503263474,0.147938013077,0.00998210906982,0.0512161254883,0.031815290451,0.0373682975769,0.246961832047,0.425827264786,5115,5123,15843,2266,5115,5123,15843,2266,407348,244812,247820
UL_LAT_BD,2017-03-03 16:18:02.655755,2.58762598038,1.20780301094,0.0787792205811,0.426707029343,0.272550582886,0.0788362026215,0.165562391281,0.148010969162,0.00998497009277,0.0512330532074,0.0318303108215,0.0374002456665,0.247012376785,0.425859451294,5117,5125,15847,2267,5117,5125,15847,2267,407516,244912,247920
UL_LAT_BD,2017-03-03 16:18:02.757929,2.58911371231,1.20807433128,0.0787963867188,0.426854133606,0.272661685944,0.0788676738739,0.165622234344,0.148045063019,0.00998902320862,0.0512492656708,0.0318393707275,0.0374002456665,0.247078418732,0.425892591476,5119,5127,15852,2268,5119,5127,15852,2268,407668,245004,248016
UL_LAT_BD,2017-03-03 16:18:02.860103,2.59011697769,1.20840597153,0.0788202285767,0.427031040192,0.272790670395,0.0789074897766,0.165704011917,0.148088932037,0.00999402999878,0.0512704849243,0.0318541526794,0.0374002456665,0.247162342072,0.425928592682,5122,5130,15859,2269,5122,5130,15859,2269,407912,245148,248120
UL_LAT_BD,2017-03-03 16:18:02.961925,2.59116506577,1.20871424675,0.0788383483887,0.427149057388,0.272869586945,0.0789313316345,0.165755033493,0.148125171661,0.0099983215332,0.0512883663177,0.0318632125854,0.0374002456665,0.247273206711,0.425979614258,5124,5132,15867,2270,5124,5132,15867,2270,408064,245236,248220
UL_LAT_BD,2017-03-03 16:18:03.063944,2.59210824966,1.20903301239,0.0788564682007,0.427309989929,0.2729575634,0.078958272934,0.165808916092,0.148195266724,0.0100014209747,0.0513064861298,0.0318772792816,0.0374271869659,0.247370243073,0.426014661789,5126,5134,15874,2271,5126,5134,15874,2271,408232,245340,248324
DL_LAT_BD,2017-03-03 16:18:03.061860,103,0,1,0
UL_LAT_BD,2017-03-03 16:18:03.165851,2.59319925308,1.20939683914,0.0788705348969,0.427414894104,0.273033618927,0.0789804458618,0.165854930878,0.148223161697,0.0100033283234,0.051317691803,0.0318851470947,0.0374271869659,0.247565984726,0.426055669785,5128,5136,15882,2272,5128,5136,15882,2272,408384,245428,248444
UL_LAT_BD,2017-03-03 16:18:03.267882,2.59429097176,1.20975351334,0.0788924694061,0.427616834641,0.273161649704,0.0790183544159,0.165934085846,0.148278236389,0.0100102424622,0.0513470172882,0.0318999290466,0.0374271869659,0.247656106949,0.426088571548,5131,5139,15888,2273,5131,5139,15888,2273,408628,245572,248544
UL_LAT_BD,2017-03-03 16:18:03.370109,2.59518909454,1.21005940437,0.0789153575897,0.427779912949,0.273238897324,0.0790433883667,0.165981054306,0.148361206055,0.0100121498108,0.0513713359833,0.0319156646729,0.0374591350555,0.247736215591,0.426121711731,5133,5141,15894,2274,5133,5141,15894,2274,408780,245660,248640
UL_LAT_BD,2017-03-03 16:18:03.471839,2.59611010551,1.21035981178,0.0789332389832,0.427939176559,0.273355960846,0.0790784358978,0.166054964066,0.148400306702,0.010017156601,0.0513904094696,0.0319254398346,0.0374591350555,0.24781370163,0.426158666611,5135,5143,15901,2275,5135,5143,15901,2275,408948,245756,248724
UL_LAT_BD,2017-03-03 16:18:03.573999,2.59725689888,1.21069335938,0.0789601802826,0.428111314774,0.273478031158,0.0791113376617,0.166130065918,0.148448228836,0.0100221633911,0.0514113903046,0.0319414138794,0.0374591350555,0.247897624969,0.426198482513,5138,5146,15908,2276,5138,5146,15908,2276,409192,245896,248844
UL_LAT_BD,2017-03-03 16:18:03.675850,2.59816026688,1.21096897125,0.0789742469788,0.428234577179,0.27356338501,0.0791416168213,0.166177988052,0.148484230042,0.0100250244141,0.0514254570007,0.0319533348083,0.0374591350555,0.247977972031,0.426246643066,5140,5148,15916,2277,5140,5148,15916,2277,409344,245988,248980
UL_LAT_BD,2017-03-03 16:18:03.777878,2.59910798073,1.21135091782,0.0789921283722,0.428437709808,0.273678541183,0.0791709423065,0.166256904602,0.148569345474,0.0100290775299,0.0514483451843,0.0319671630859,0.0374960899353,0.248080730438,0.426294565201,5142,5150,15923,2278,5142,5150,15923,2278,409512,246084,249080
UL_LAT_BD,2017-03-03 16:18:03.880099,2.60005688667,1.2116496563,0.0790100097656,0.428563594818,0.273772478104,0.079195022583,0.166319847107,0.14860033989,0.0100328922272,0.0514602661133,0.0319781303406,0.0374960899353,0.248151540756,0.426371574402,5144,5152,15928,2279,5144,5152,15928,2279,409664,246172,249184
UL_LAT_BD,2017-03-03 16:18:03.981821,2.60099554062,1.212474823,0.0790338516235,0.429257631302,0.273896455765,0.079231262207,0.166396856308,0.149168252945,0.0100376605988,0.0514843463898,0.0320072174072,0.0374960899353,0.248217821121,0.426404714584,5147,5155,15933,2280,5147,5155,15933,2280,409908,246312,249284
