UL_LAT_BD,2017-03-03 16:14:12.805151,0.0122473239899,0.000338077545166,0,0,0,0,0,0,0,0,0,0,0.000288009643555,4.6968460083e-05,0,0,2,1,0,0,2,1,0,0,100
UL_LAT_BD,2017-03-03 16:14:12.906997,0.0133354663849,0.000736236572266,4.72068786621e-05,0.000170230865479,0.000158071517944,4.79221343994e-05,0.000100135803223,9.05990600586e-06,5.00679016113e-06,0,0,0,0.000414609909058,8.79764556885e-05,3,3,9,2,3,3,9,2,244,140,204
UL_LAT_BD,2017-03-03 16:14:13.009048,0.0142574310303,0.00102305412292,6.15119934082e-05,0.00030517578125,0.000264883041382,8.89301300049e-05,0.000160932540894,3.21865081787e-05,9.29832458496e-06,1.4066696167e-05,2.86102294922e-06,0,0.000496387481689,0.000137805938721,5,5,16,3,5,5,16,3,396,228,304
UL_LAT_BD,2017-03-03 16:14:13.110864,0.0150935649872,0.00124907493591,7.43865966797e-05,0.000406265258789,0.000339984893799,0.000111103057861,0.00020694732666,5.53131103516e-05,1.14440917969e-05,2.00271606445e-05,1.1682510376e-05,0,0.000572443008423,0.000167846679688,7,7,24,4,7,7,24,4,548,324,408
UL_LAT_BD,2017-03-03 16:14:13.212952,0.0167479515076,0.00152230262756,9.01222229004e-05,0.000514984130859,0.000420808792114,0.000133991241455,0.000257968902588,8.10623168945e-05,1.33514404297e-05,3.00407409668e-05,2.16960906982e-05,0,0.00067138671875,0.000203847885132,9,9,32,5,9,9,32,5,716,420,508
DL_LAT_BD,2017-03-03 16:14:13.062742,103,0,0,0
UL_LAT_BD,2017-03-03 16:14:13.315122,0.0178108215332,0.00190663337708,0.000114917755127,0.000753879547119,0.000559568405151,0.000169038772583,0.0003502368927,0.000179290771484,1.66893005371e-05,5.88893890381e-05,5.29289245605e-05,2.59876251221e-05,0.000754594802856,0.00023078918457,12,12,40,6,12,12,40,6,960,560,612
UL_LAT_BD,2017-03-03 16:14:13.416870,0.0185940265656,0.00221037864685,0.000186920166016,0.000865697860718,0.000636339187622,0.000191926956177,0.000401258468628,0.000210285186768,1.85966491699e-05,7.39097595215e-05,6.29425048828e-05,2.59876251221e-05,0.000827550888062,0.000268697738647,14,14,47,7,14,14,47,7,1112,648,712
UL_LAT_BD,2017-03-03 16:14:13.519052,0.0194845199585,0.00246691703796,0.000211000442505,0.000970840454102,0.000706195831299,0.000216007232666,0.000446081161499,0.000244379043579,2.16960906982e-05,8.96453857422e-05,7.29560852051e-05,2.59876251221e-05,0.000913381576538,0.000301599502563,16,16,53,8,16,16,53,8,1264,736,816
UL_LAT_BD,2017-03-03 16:14:13.620858,0.0203456878662,0.00271081924438,0.000226020812988,0.00108981132507,0.000792980194092,0.000242233276367,0.00049877166748,0.000275611877441,2.50339508057e-05,0.00010347366333,8.17775726318e-05,2.59876251221e-05,0.000981092453003,0.000334501266479,18,18,60,9,18,18,60,9,1432,832,916
UL_LAT_BD,2017-03-03 16:14:13.722881,0.0213022232056,0.00303816795349,0.000248193740845,0.00129294395447,0.00090503692627,0.000273466110229,0.000568866729736,0.000362634658813,3.00407409668e-05,0.000133514404297,0.000101089477539,5.10215759277e-05,0.00104475021362,0.000364542007446,21,21,66,10,21,21,66,10,1660,964,1020
UL_LAT_BD,2017-03-03 16:14:13.825004,0.0221226215363,0.00329518318176,0.000263452529907,0.00140380859375,0.000986099243164,0.000297546386719,0.000620126724243,0.000388622283936,3.31401824951e-05,0.000143527984619,0.000109195709229,5.10215759277e-05,0.00110983848572,0.000425577163696,23,23,72,11,23,23,72,11,1828,1060,1140
UL_LAT_BD,2017-03-03 16:14:13.926814,0.023282289505,0.00363445281982,0.000279426574707,0.00157284736633,0.00111508369446,0.000322580337524,0.000717878341675,0.000425577163696,3.71932983398e-05,0.000161409378052,0.000120162963867,5.10215759277e-05,0.00121903419495,0.000457763671875,25,25,81,12,25,25,81,12,1980,1148,1244
