UL_LAT_BD,1532583260.09,0.10878610611,0.0363674163818,0.00413393974304,0.0203113555908,0.0134406089783,0.0021870136261,0.00558137893677,0.00668334960938,0.000395774841309,0.00193762779236,0.0009925365448,0.00292611122131,0.00751709938049,0.00333547592163,99,98,311,44,99,98,311,44,7812,4516,4552
UL_LAT_BD,1532583260.93,0.111421823502,0.037163734436,0.00417399406433,0.020836353302,0.0136506557465,0.00227761268616,0.00568723678589,0.00699543952942,0.000407695770264,0.00197815895081,0.00102424621582,0.00314211845398,0.00767183303833,0.00339841842651,101,100,317,45,101,100,317,45,7980,4612,4652
UL_LAT_BD,1532583262.48,0.113320589066,0.0376980304718,0.00421380996704,0.0210485458374,0.0137887001038,0.00231647491455,0.00577306747437,0.00706553459167,0.000412702560425,0.00201225280762,0.00104331970215,0.00314211845398,0.00784635543823,0.00349044799805,103,102,324,46,103,102,324,46,8132,4700,4756
UL_LAT_BD,1532583263.27,0.115894556046,0.0384860038757,0.00439381599426,0.0213534832001,0.0140066146851,0.00238227844238,0.00590705871582,0.0071485042572,0.000422716140747,0.00204420089722,0.00107049942017,0.00314211845398,0.00806331634521,0.00355458259583,106,105,333,47,106,105,333,47,8376,4840,4856
UL_LAT_BD,1532583264.26,0.118901968002,0.0390093326569,0.00447297096252,0.0215594768524,0.014143705368,0.00242328643799,0.00599002838135,0.00721335411072,0.000431776046753,0.00207304954529,0.00109028816223,0.00314211845398,0.00822114944458,0.00361967086792,108,107,339,48,108,107,339,48,8528,4928,4960
UL_LAT_BD,1532583265.12,0.120599746704,0.0396642684937,0.00449895858765,0.0219535827637,0.0142629146576,0.00245833396912,0.00606322288513,0.00748538970947,0.000436782836914,0.00211715698242,0.0011191368103,0.00332593917847,0.00836992263794,0.0036895275116,110,109,345,49,110,109,345,49,8680,5016,5060
UL_LAT_BD,1532583265.9,0.122868776321,0.0402364730835,0.00452780723572,0.022168636322,0.0144190788269,0.00250434875488,0.00616002082825,0.00754046440125,0.000444889068604,0.00213742256165,0.00113797187805,0.00332593917847,0.00860905647278,0.00375962257385,112,111,353,50,112,111,353,50,8848,5112,5164
UL_LAT_BD,1532583266.75,0.125004053116,0.0409495830536,0.00457310676575,0.0225384235382,0.0146880149841,0.00258088111877,0.0063316822052,0.00763535499573,0.000454664230347,0.00218319892883,0.0011670589447,0.00332593917847,0.00880336761475,0.0038435459137,115,114,360,51,115,114,360,51,9092,5252,5284
UL_LAT_BD,1532583267.3,0.126582384109,0.0415451526642,0.00459909439087,0.022872209549,0.0148169994354,0.00261855125427,0.00641059875488,0.00783634185791,0.000462770462036,0.00222635269165,0.00125527381897,0.00337696075439,0.00896024703979,0.00390434265137,117,116,367,52,117,116,367,52,9244,5340,5388
DL_LAT_BD,2017-03-03 16:14:18.062014,103,0,0,0
UL_LAT_BD,1532583268.31,0.129692077637,0.0420982837677,0.00463223457336,0.0230829715729,0.0149548053741,0.00265860557556,0.00649547576904,0.00790524482727,0.000468730926514,0.00225853919983,0.00127744674683,0.00337696075439,0.00913834571838,0.00402045249939,119,118,375,53,119,118,375,53,9396,5436,5492
UL_LAT_BD,1532583268.9,0.131468057632,0.0426902770996,0.00466513633728,0.0233888626099,0.0152008533478,0.00270771980286,0.00667834281921,0.00796222686768,0.000476837158203,0.00227952003479,0.00129628181458,0.00337696075439,0.00931143760681,0.00407934188843,121,120,383,54,121,120,383,54,9564,5532,5596
