UL_LAT_BD,1532583220.0,0.00325489044189,0.000813007354736,0.000153064727783,0.0002601146698,0.000237703323364,7.41481781006e-05,0.000146865844727,1.50203704834e-05,8.82148742676e-06,0,0,0,0.000200510025024,0.000180006027222,3,3,9,2,3,3,9,2,244,140,204
UL_LAT_BD,1532583220.77,0.0051486492157,0.00124216079712,0.00017786026001,0.000435352325439,0.00038480758667,0.000114440917969,0.000243902206421,3.79085540771e-05,1.47819519043e-05,5.96046447754e-06,5.96046447754e-06,0,0.000347137451172,0.000243902206421,5,5,16,3,5,5,16,3,396,228,304
UL_LAT_BD,1532583221.94,0.00726366043091,0.00181818008423,0.000296831130981,0.000617504119873,0.000515699386597,0.000153064727783,0.000324726104736,8.39233398438e-05,1.95503234863e-05,1.78813934326e-05,2.5749206543e-05,0,0.000519514083862,0.000326871871948,7,7,24,4,7,7,24,4,548,324,408
UL_LAT_BD,1532583222.65,0.00920271873474,0.00248217582703,0.000442981719971,0.000853538513184,0.000690460205078,0.000205755233765,0.000431776046753,0.000141859054565,2.74181365967e-05,3.88622283936e-05,4.57763671875e-05,0,0.000683307647705,0.000424861907959,9,9,32,5,9,9,32,5,716,420,508
DL_LAT_BD,2017-03-03 16:14:13.062742,103,0,0,0
UL_LAT_BD,1532583223.72,0.0154831409454,0.00549721717834,0.000497102737427,0.00356125831604,0.000901222229004,0.000266551971436,0.000563859939575,0.00263404846191,3.57627868652e-05,0.000263929367065,8.39233398438e-05,0.00220203399658,0.000852108001709,0.000486850738525,12,12,40,6,12,12,40,6,960,560,612
UL_LAT_BD,1532583224.4,0.0171494483948,0.00602269172668,0.000527143478394,0.00383329391479,0.00104832649231,0.000312328338623,0.000654220581055,0.0027539730072,4.48226928711e-05,0.000335931777954,0.000110864639282,0.00220203399658,0.000995874404907,0.000550985336304,14,14,47,7,14,14,47,7,1112,648,712
UL_LAT_BD,1532583225.06,0.0249502658844,0.00661516189575,0.000549077987671,0.00407719612122,0.001225233078,0.00035285949707,0.000778198242188,0.00281691551208,5.29289245605e-05,0.00036096572876,0.000131845474243,0.00220203399658,0.00122880935669,0.000627994537354,16,16,53,8,16,16,53,8,1264,736,816
UL_LAT_BD,1532583225.75,0.0271353721619,0.00729894638062,0.000585317611694,0.00429892539978,0.00138211250305,0.000398635864258,0.000877380371094,0.00287795066833,5.98430633545e-05,0.000389099121094,0.000151634216309,0.00220203399658,0.00136995315552,0.000897884368896,18,18,60,9,18,18,60,9,1432,832,916
UL_LAT_BD,1532583226.6,0.0337088108063,0.00807285308838,0.000648021697998,0.00466084480286,0.00158095359802,0.000463485717773,0.000995397567749,0.00303721427917,6.86645507812e-05,0.000437021255493,0.000183582305908,0.00225615501404,0.00152897834778,0.00096583366394,21,21,66,10,21,21,66,10,1660,964,1020
UL_LAT_BD,1532583227.44,0.0352535247803,0.00854730606079,0.000675201416016,0.00487780570984,0.00173711776733,0.000507354736328,0.00109553337097,0.003093957901,7.58171081543e-05,0.000458002090454,0.000202655792236,0.00225615501404,0.00167012214661,0.00103998184204,23,23,72,11,23,23,72,11,1828,1060,1140
UL_LAT_BD,1532583228.06,0.0392560958862,0.0092134475708,0.000714302062988,0.00508880615234,0.00187420845032,0.000548362731934,0.00118064880371,0.00316476821899,8.48770141602e-05,0.00048828125,0.000223636627197,0.00225615501404,0.00200128555298,0.00110578536987,25,25,81,12,25,25,81,12,1980,1148,1244
UL_LAT_BD,1532583228.95,0.0418961048126,0.00992274284363,0.00076150894165,0.00553297996521,0.00211620330811,0.000624656677246,0.00133037567139,0.00336003303528,9.89437103271e-05,0.000550508499146,0.000260591506958,0.00232315063477,0.00213646888733,0.00117182731628,28,28,86,13,28,28,86,13,2224,1288,1344
UL_LAT_BD,1532583229.53,0.043710231781,0.0104827880859,0.000791549682617,0.00578999519348,0.00225019454956,0.000663757324219,0.00141310691833,0.00347995758057,0.000105857849121,0.000641345977783,0.000272750854492,0.00232315063477,0.00232696533203,0.0012378692627,30,30,94,14,30,30,94,14,2376,1384,1448
DL_LAT_BD,2017-03-03 16:14:14.061989,103,0,0,0
