UL_LAT_BD,1532583240.15,0.0701439380646,0.0233442783356,0.00245785713196,0.0141668319702,0.00929427146912,0.00120449066162,0.00268411636353,0.00476741790771,0.000211715698242,0.00127553939819,0.00049877166748,0.00253701210022,0.00417113304138,0.00202059745789,55,55,172,25,55,55,172,25,4356,2532,2588
UL_LAT_BD,1532583241.37,0.0717856884003,0.0239250659943,0.00248908996582,0.0144736766815,0.00945830345154,0.00125551223755,0.00278496742249,0.00490546226501,0.000220775604248,0.00130438804626,0.000519275665283,0.00260710716248,0.00432991981506,0.00208973884583,57,57,180,26,57,57,180,26,4524,2628,2692
UL_LAT_BD,1532583242.32,0.0740392208099,0.0244491100311,0.00252294540405,0.0147094726562,0.00959324836731,0.00129723548889,0.00287008285522,0.00500226020813,0.000228881835938,0.0013153553009,0.000589370727539,0.00260710716248,0.00449800491333,0.00215673446655,59,59,188,27,59,59,188,27,4676,2716,2792
UL_LAT_BD,1532583243.85,0.078195810318,0.0251002311707,0.00258159637451,0.0150284767151,0.00982904434204,0.00136733055115,0.00301790237427,0.0050802230835,0.000240087509155,0.00133228302002,0.0006263256073,0.00260710716248,0.00469017028809,0.00221657752991,62,62,196,28,62,62,196,28,4920,2856,2896
UL_LAT_BD,1532583244.67,0.0798366069794,0.0255658626556,0.00260853767395,0.0152335166931,0.00997018814087,0.00140953063965,0.00310158729553,0.00514030456543,0.000251054763794,0.0013542175293,0.000646591186523,0.00260710716248,0.0048406124115,0.00228548049927,64,64,203,29,64,64,203,29,5072,2944,2996
UL_LAT_BD,1532583245.45,0.0814728736877,0.0267908573151,0.00263977050781,0.0161786079407,0.0108473300934,0.00146198272705,0.00390958786011,0.00520443916321,0.000265121459961,0.00137615203857,0.000666618347168,0.00260710716248,0.00499081611633,0.00237059593201,66,66,209,30,66,66,209,30,5240,3040,3100
UL_LAT_BD,1532583246.54,0.0831627845764,0.0274679660797,0.0027768611908,0.0164544582367,0.0109803676605,0.00150060653687,0.00399160385132,0.00534248352051,0.000272274017334,0.00141716003418,0.000696659088135,0.00265717506409,0.00517296791077,0.00243163108826,68,68,216,31,68,68,216,31,5392,3128,3220
UL_LAT_BD,1532583247.39,0.0850245952606,0.0282928943634,0.00302958488464,0.0167870521545,0.0112211704254,0.00157332420349,0.00414085388184,0.00542855262756,0.000285387039185,0.00145125389099,0.000723838806152,0.00265717506409,0.00532126426697,0.00250172615051,71,71,222,32,71,71,222,32,5636,3268,3324
UL_LAT_BD,1532583248.86,0.086695432663,0.0291137695312,0.00317549705505,0.0172021389008,0.0115683078766,0.00163102149963,0.00441646575928,0.00549340248108,0.000294208526611,0.00147914886475,0.000743627548218,0.00265717506409,0.00549340248108,0.0025737285614,73,73,229,33,73,73,229,33,5788,3356,3428
UL_LAT_BD,1532583249.84,0.0889203548431,0.029557466507,0.00320267677307,0.0173783302307,0.0116894245148,0.00166654586792,0.00449180603027,0.00554442405701,0.000302314758301,0.00150418281555,0.000754594802856,0.00265717506409,0.00563931465149,0.00265264511108,75,75,237,34,75,75,237,34,5940,3452,3532
