UL_LAT_BD,2017-03-03 16:15:01.866919,0.56175494194,0.197615146637,0.0180630683899,0.0928514003754,0.0620088577271,0.017605304718,0.0368115901947,0.0294880867004,0.00184178352356,0.0100431442261,0.00675439834595,0.00772356987,0.0614006519318,0.0194907188416,1097,1093,3476,482,1097,1093,3476,482,87072,50496,50744
UL_LAT_BD,2017-03-03 16:15:01.968944,0.562691688538,0.197998523712,0.0180778503418,0.0930035114288,0.0620858669281,0.0176260471344,0.0368587970734,0.029559135437,0.00184488296509,0.010066986084,0.00676941871643,0.0077486038208,0.0614995956421,0.0195999145508,1099,1095,3485,483,1099,1095,3485,483,87224,50584,50844
UL_LAT_BD,2017-03-03 16:15:02.070856,0.564643621445,0.198424339294,0.0182237625122,0.0931177139282,0.0621697902679,0.0176522731781,0.0369095802307,0.0295872688293,0.00184917449951,0.0100769996643,0.00677943229675,0.0077486038208,0.0616061687469,0.0196478366852,1101,1097,3494,484,1101,1097,3494,484,87392,50680,50968
DL_LAT_BD,2017-03-03 16:15:02.062096,103,0,0,0
UL_LAT_BD,2017-03-03 16:15:02.172962,0.565532445908,0.19871544838,0.0182385444641,0.0932295322418,0.0622386932373,0.0176723003387,0.036952495575,0.0296273231506,0.00186419487,0.0100891590118,0.00678658485413,0.0077486038208,0.0617063045502,0.0197038650513,1103,1099,3500,485,1103,1099,3500,485,87544,50776,51068
UL_LAT_BD,2017-03-03 16:15:02.275022,0.566626787186,0.199170589447,0.0182774066925,0.0935187339783,0.0624237060547,0.0177366733551,0.0370635986328,0.0297305583954,0.00186824798584,0.0101180076599,0.00681757926941,0.00777459144592,0.0617880821228,0.019740819931,1106,1102,3506,486,1106,1102,3506,486,87788,50916,51192
UL_LAT_BD,2017-03-03 16:15:02.376924,0.567560911179,0.199441432953,0.0182905197144,0.0936377048492,0.0624976158142,0.0177583694458,0.0371088981628,0.0297746658325,0.00187110900879,0.0101358890533,0.0068347454071,0.00777459144592,0.0618762969971,0.0197808742523,1108,1104,3514,487,1108,1104,3514,487,87940,51004,51292
UL_LAT_BD,2017-03-03 16:15:02.478942,0.56850028038,0.514877319336,0.0183076858521,0.0937757492065,0.0625946521759,0.0177874565125,0.0371708869934,0.029810667038,0.00187492370605,0.0101487636566,0.00684905052185,0.00777459144592,0.0619826316833,0.334941864014,1110,1106,3521,488,1110,1106,3521,488,88108,51100,51396
UL_LAT_BD,2017-03-03 16:15:02.580881,0.569397449493,0.515225887299,0.0183296203613,0.0939049720764,0.0626826286316,0.0178155899048,0.0372250080109,0.0298495292664,0.0018789768219,0.0101678371429,0.00686097145081,0.00777459144592,0.0621309280396,0.334983825684,1112,1108,3527,489,1112,1108,3527,489,88276,51192,51496
UL_LAT_BD,2017-03-03 16:15:02.682963,0.573266267776,0.515672206879,0.018367767334,0.0941541194916,0.0628387928009,0.0178778171539,0.0373060703278,0.029940366745,0.00188589096069,0.0101997852325,0.00688195228577,0.00779962539673,0.0622401237488,0.335023880005,1115,1111,3535,490,1115,1111,3535,490,88520,51352,51640
DL_LAT_BD,2017-03-03 16:15:02.612740,74,0,0,0
DL_LAT_BD,2017-03-03 16:15:02.662141,74,0,0,0
DL_LAT_BD,2017-03-03 16:15:02.662141,531,0,0,0
DL_LAT_BD,2017-03-03 16:15:02.662141,1282,0,0,0
DL_LAT_BD,2017-03-03 16:15:02.711821,1282,0,1,0
DL_LAT_BD,2017-03-03 16:15:02.711821,1282,0,0,0
DL_LAT_BD,2017-03-03 16:15:02.711821,1282,0,1,0
DL_LAT_BD,2017-03-03 16:15:02.711821,1282,0,0,0
DL_LAT_BD,2017-03-03 16:15:02.711821,1282,0,0,0
DL_LAT_BD,2017-03-03 16:15:02.711821,1282,0,0,0
DL_LAT_BD,2017-03-03 16:15:02.711821,786,0,1,0
DL_LAT_BD,2017-03-03 16:15:02.711821,108,0,0,0
UL_LAT_BD,2017-03-03 16:15:02.785142,0.574068546295,0.515993833542,0.0183975696564,0.0943021774292,0.0629498958588,0.0179109573364,0.037380695343,0.0299744606018,0.00188899040222,0.0102107524872,0.00689816474915,0.00779962539673,0.0622982978821,0.335100889206,1117,1113,3541,491,1117,1113,3541,491,88860,51484,51760
UL_LAT_BD,2017-03-03 16:15:02.886940,0.574929714203,0.516241073608,0.0184106826782,0.0944092273712,0.063022851944,0.01793384552,0.0374276638031,0.0300076007843,0.00189113616943,0.0102255344391,0.00690817832947,0.00779962539673,0.0623834133148,0.335132837296,1119,1115,3548,492,1119,1115,3548,492,89012,51572,51864
UL_LAT_BD,2017-03-03 16:15:02.988946,0.576033830643,0.516652345657,0.0184419155121,0.0946681499481,0.0631897449493,0.0179677009583,0.0375502109528,0.0300965309143,0.00189518928528,0.0102546215057,0.0069260597229,0.00782561302185,0.0624644756317,0.335164785385,1122,1118,3555,493,1122,1118,3555,493,89256,51712,51964
DL_LAT_BD,2017-03-03 16:15:03.062073,103,0,0,0
UL_LAT_BD,2017-03-03 16:15:03.090895,0.57702088356,0.516993284225,0.0184547901154,0.0947921276093,0.0632617473602,0.0179874897003,0.0375943183899,0.0301456451416,0.00189828872681,0.0102865695953,0.00693607330322,0.00782561302185,0.0625653266907,0.335204601288,1124,1120,3563,494,1124,1120,3563,494,89408,51808,52088
UL_LAT_BD,2017-03-03 16:15:03.192960,0.577902793884,0.51723241806,0.0184698104858,0.0949022769928,0.0633437633514,0.0180125236511,0.0376441478729,0.0301716327667,0.00190138816833,0.01029753685,0.00694417953491,0.00782561302185,0.0626404285431,0.335234642029,1126,1122,3569,495,1126,1122,3569,495,89576,51904,52188
UL_LAT_BD,2017-03-03 16:15:03.295059,0.578682184219,0.517503738403,0.018483877182,0.0950374603271,0.0634377002716,0.0180506706238,0.0376942157745,0.0302085876465,0.00190448760986,0.0103154182434,0.00695633888245,0.00782561302185,0.0627181529999,0.335272789001,1128,1124,3574,496,1128,1124,3574,496,89728,51992,52312
UL_LAT_BD,2017-03-03 16:15:03.396916,0.579680919647,0.517940759659,0.0185027122498,0.0952293872833,0.0635457038879,0.0180833339691,0.0377626419067,0.0302886962891,0.0019097328186,0.0103433132172,0.00697422027588,0.00784873962402,0.062851190567,0.335300922394,1131,1127,3582,497,1131,1127,3582,497,89956,52124,52396
UL_LAT_BD,2017-03-03 16:15:03.498941,0.58061170578,0.518237352371,0.018518447876,0.0953583717346,0.0636415481567,0.0181114673615,0.037823677063,0.0303196907043,0.00191473960876,0.0103561878204,0.0069842338562,0.00784873962402,0.062958240509,0.335336923599,1133,1129,3590,498,1133,1129,3590,498,90124,52220,52520
UL_LAT_BD,2017-03-03 16:15:03.600910,0.581559658051,0.518490552902,0.0185315608978,0.0954632759094,0.063711643219,0.0181322097778,0.0378687381744,0.0303525924683,0.0019166469574,0.0103721618652,0.00699329376221,0.00784873962402,0.0630524158478,0.33536696434,1135,1131,3599,499,1135,1131,3599,499,90276,52308,52620
UL_LAT_BD,2017-03-03 16:15:03.702966,0.58230805397,0.518723487854,0.0185475349426,0.0955781936646,0.0637927055359,0.0181572437286,0.0379197597504,0.0303835868835,0.00191855430603,0.0103862285614,0.00700330734253,0.00784873962402,0.0631146430969,0.335401773453,1137,1133,3605,500,1137,1133,3605,500,90444,52404,52724
UL_LAT_BD,2017-03-03 16:15:03.805058,0.583273410797,0.519104719162,0.0185699462891,0.0958001613617,0.0639188289642,0.018194437027,0.0379965305328,0.0304753780365,0.0019223690033,0.0104172229767,0.00702238082886,0.00787663459778,0.06320977211,0.335432767868,1140,1136,3613,501,1140,1136,3613,501,90688,52544,52824
