UL_LAT_BD,2017-03-03 16:15:57.049050,1.1689646244,0.718055963516,0.0350995063782,0.190893888474,0.122465372086,0.0338995456696,0.0712380409241,0.0657169818878,0.0043158531189,0.0238287448883,0.0140211582184,0.0168380737305,0.117139101028,0.36328458786,2332,2326,7471,1023,2332,2326,7471,1023,185368,107416,107532
DL_LAT_BD,2017-03-03 16:15:57.061933,103,0,0,0
UL_LAT_BD,2017-03-03 16:15:57.150835,1.17353105545,0.71835064888,0.0351195335388,0.191008806229,0.122553110123,0.0339245796204,0.0712916851044,0.06574177742,0.00431966781616,0.0238428115845,0.0140240192413,0.0168380737305,0.117246866226,0.363324642181,2334,2328,7478,1024,2334,2328,7478,1024,185520,107504,107616
UL_LAT_BD,2017-03-03 16:15:57.252969,1.17485594749,0.718808174133,0.0351395606995,0.191204786301,0.122674226761,0.0339562892914,0.0713717937469,0.0658137798309,0.00432372093201,0.0238606929779,0.0140693187714,0.0168380737305,0.117424964905,0.363376617432,2336,2330,7487,1025,2336,2330,7487,1025,185688,107600,107740
UL_LAT_BD,2017-03-03 16:15:57.355054,1.17618560791,0.719274520874,0.0351674556732,0.191424846649,0.122834205627,0.0339984893799,0.0714616775513,0.0658707618713,0.00432968139648,0.0238988399506,0.0140731334686,0.0168380737305,0.117551803589,0.363414525986,2339,2333,7495,1026,2339,2333,7495,1026,185916,107732,107840
UL_LAT_BD,2017-03-03 16:15:57.456932,1.17842340469,0.720823526382,0.0351846218109,0.19268155098,0.124058008194,0.034857749939,0.0718104839325,0.0659008026123,0.00433778762817,0.0239129066467,0.0140759944916,0.0168380737305,0.117777824402,0.363450527191,2341,2335,7504,1027,2341,2335,7504,1027,186084,107828,107944
UL_LAT_BD,2017-03-03 16:15:57.559085,1.18034982681,0.721236228943,0.0352046489716,0.192873477936,0.124160051346,0.0348875522614,0.0718722343445,0.0659878253937,0.00434303283691,0.0239288806915,0.0140919685364,0.0168771743774,0.11791062355,0.363507509232,2343,2337,7511,1028,2343,2337,7511,1028,186236,107916,108028
UL_LAT_BD,2017-03-03 16:15:57.660828,1.18145012856,0.721651792526,0.0352218151093,0.193095207214,0.124269962311,0.0349104404449,0.0719523429871,0.0660977363586,0.00434589385986,0.0239429473877,0.0141041278839,0.0169472694397,0.118023395538,0.363562583923,2345,2339,7519,1029,2345,2339,7519,1029,186388,108004,108152
UL_LAT_BD,2017-03-03 16:15:57.762974,1.1826839447,0.722371816635,0.0352528095245,0.193623304367,0.124461889267,0.0349802970886,0.072060585022,0.0664296150208,0.00435471534729,0.0239758491516,0.0141642093658,0.017162322998,0.118114709854,0.363620519638,2348,2342,7525,1030,2348,2342,7525,1030,186632,108144,108272
UL_LAT_BD,2017-03-03 16:15:57.865061,1.18408560753,0.722748994827,0.035270690918,0.193793535233,0.124597072601,0.035017490387,0.0721468925476,0.0664625167847,0.00435948371887,0.0239839553833,0.0141761302948,0.017162322998,0.118247747421,0.363663434982,2350,2344,7534,1031,2350,2344,7534,1031,186800,108240,108376
UL_LAT_BD,2017-03-03 16:15:57.966944,1.1851375103,0.722997665405,0.0352897644043,0.193899393082,0.124676942825,0.0350432395935,0.0721940994263,0.0664863586426,0.00436329841614,0.023992061615,0.0141861438751,0.017162322998,0.11832857132,0.363697528839,2352,2346,7540,1032,2352,2346,7540,1032,186952,108328,108476
UL_LAT_BD,2017-03-03 16:15:58.069044,1.18673205376,0.723488807678,0.0353119373322,0.194225311279,0.124919891357,0.0351867675781,0.0722830295563,0.0665655136108,0.00437116622925,0.0240111351013,0.0142040252686,0.0171883106232,0.11843252182,0.36372756958,2355,2349,7547,1033,2355,2349,7547,1033,187180,108468,108564
UL_LAT_BD,2017-03-03 16:15:58.170841,1.18765091896,0.72377371788,0.0353300571442,0.194363355637,0.125017881393,0.035213470459,0.0723435878754,0.0666046142578,0.0043740272522,0.024031162262,0.0142159461975,0.0171883106232,0.118520498276,0.363760471344,2357,2351,7555,1034,2357,2351,7555,1034,187348,108564,108664
DL_LAT_BD,2017-03-03 16:15:58.062728,103,0,0,0
UL_LAT_BD,2017-03-03 16:15:58.272982,1.18853163719,0.724021911621,0.0353450775146,0.194464206696,0.125088691711,0.0352344512939,0.0723876953125,0.0666325092316,0.00437593460083,0.0240414142609,0.0142259597778,0.0171883106232,0.118602514267,0.363802433014,2359,2353,7563,1035,2359,2353,7563,1035,187500,108652,108788
UL_LAT_BD,2017-03-03 16:15:58.375047,1.1895160675,0.724303722382,0.0353610515594,0.194581031799,0.125171661377,0.0352592468262,0.0724387168884,0.0666644573212,0.00437784194946,0.024055480957,0.0142350196838,0.0171883106232,0.118710756302,0.363835334778,2361,2355,7572,1036,2361,2355,7572,1036,187668,108748,108888
UL_LAT_BD,2017-03-03 16:15:58.476933,1.19046545029,0.72465801239,0.0353808403015,0.194817066193,0.125308513641,0.0353062152863,0.0725181102753,0.0667598247528,0.00438284873962,0.0240871906281,0.0142529010773,0.0172193050385,0.118772983551,0.36386346817,2364,2358,7577,1037,2364,2358,7577,1037,187896,108880,108972
UL_LAT_BD,2017-03-03 16:15:58.579097,1.19372534752,0.724929332733,0.0354008674622,0.194953918457,0.125409603119,0.0353360176086,0.0725831985474,0.066793680191,0.00438666343689,0.0241003036499,0.0142629146576,0.0172193050385,0.118843317032,0.363899469376,2366,2360,7584,1038,2366,2360,7584,1038,188064,108976,109072
UL_LAT_BD,2017-03-03 16:15:58.680848,1.19456100464,0.725192308426,0.0354187488556,0.195080757141,0.125495433807,0.035359621048,0.0726389884949,0.0668318271637,0.00439095497131,0.0241191387177,0.0142741203308,0.0172193050385,0.11891579628,0.363936662674,2368,2362,7590,1039,2368,2362,7590,1039,188216,109064,109196
UL_LAT_BD,2017-03-03 16:15:58.783013,1.19553637505,0.725524663925,0.0354368686676,0.195213794708,0.125589609146,0.0353877544403,0.0726964473724,0.0668678283691,0.00439476966858,0.0241363048553,0.0142850875854,0.0172193050385,0.11904001236,0.36398768425,2370,2364,7596,1040,2370,2364,7596,1040,188384,109160,109316
UL_LAT_BD,2017-03-03 16:15:58.885142,1.19645571709,0.725960493088,0.0355355739594,0.195441007614,0.125707864761,0.03542304039,0.0727713108063,0.0669729709625,0.00440073013306,0.0241732597351,0.014301776886,0.0172512531281,0.119115114212,0.364014625549,2373,2367,7603,1041,2373,2367,7603,1041,188612,109292,109400
