UL_LAT_BD,2017-03-03 16:17:20.631892,2.1349978447,1.05389547348,0.0613703727722,0.354288339615,0.227158308029,0.0649552345276,0.137454509735,0.122066736221,0.00783777236938,0.0423560142517,0.0255081653595,0.0314881801605,0.20898938179,0.406310081482,4183,4191,13279,1855,4183,4191,13279,1855,333104,200704,204448
UL_LAT_BD,2017-03-03 16:17:20.733946,2.13608670235,1.05427074432,0.0613932609558,0.354526519775,0.227339267731,0.0650000572205,0.137581825256,0.122121810913,0.0078456401825,0.0423829555511,0.0255212783813,0.0314881801605,0.209062099457,0.406343221664,4186,4194,13285,1856,4186,4194,13285,1856,333332,200844,204548
UL_LAT_BD,2017-03-03 16:17:20.835875,2.13684821129,1.05450940132,0.061407327652,0.354634523392,0.227413415909,0.0650231838226,0.137629985809,0.122153759003,0.00784850120544,0.0423963069916,0.0255312919617,0.0314881801605,0.209138870239,0.406377077103,4188,4196,13289,1857,4188,4196,13289,1857,333484,200932,204652
UL_LAT_BD,2017-03-03 16:17:20.937887,2.13784813881,1.05483436584,0.0614242553711,0.354818582535,0.227499246597,0.0650508403778,0.13768196106,0.122231721878,0.00785160064697,0.0424201488495,0.0255463123322,0.0315163135529,0.209222078323,0.406411170959,4190,4198,13297,1858,4190,4198,13297,1858,333652,201032,204752
UL_LAT_BD,2017-03-03 16:17:21.040003,2.13867211342,1.05508041382,0.0614371299744,0.354925632477,0.227578163147,0.06507396698,0.137731075287,0.122257471085,0.00785446166992,0.0424292087555,0.0255560874939,0.0315163135529,0.209304571152,0.406446218491,4192,4200,13304,1859,4192,4200,13304,1859,333804,201120,204852
DL_LAT_BD,2017-03-03 16:17:21.061914,103,0,0,0
UL_LAT_BD,2017-03-03 16:17:21.141880,2.13951802254,1.05540513992,0.0614590644836,0.35510969162,0.227708101273,0.0651111602783,0.137812137604,0.122308731079,0.00785970687866,0.0424573421478,0.0255658626556,0.0315163135529,0.209382534027,0.406480073929,4195,4203,13309,1860,4195,4203,13309,1860,334032,201260,204956
UL_LAT_BD,2017-03-03 16:17:21.244072,2.14046883583,1.05575299263,0.0614759922028,0.355316877365,0.227833986282,0.0651412010193,0.137898206711,0.122386693954,0.0078649520874,0.0424802303314,0.0255815982819,0.0315442085266,0.209455251694,0.406522035599,4197,4205,13314,1861,4197,4205,13314,1861,334200,201356,205060
UL_LAT_BD,2017-03-03 16:17:21.345755,2.14142370224,1.05601811409,0.0614931583405,0.355439901352,0.227917194366,0.0651681423187,0.137949228287,0.122423648834,0.00786781311035,0.0424962043762,0.0255925655365,0.0315442085266,0.209531545639,0.406565189362,4199,4207,13321,1862,4199,4207,13321,1862,334352,201444,205160
UL_LAT_BD,2017-03-03 16:17:21.447981,2.14227676392,1.05627632141,0.0615112781525,0.35556268692,0.228008270264,0.0651950836182,0.138005256653,0.122453451157,0.0078706741333,0.0425093173981,0.0256035327911,0.0315442085266,0.209598779678,0.406610012054,4201,4209,13327,1863,4201,4209,13327,1863,334520,201544,205264
UL_LAT_BD,2017-03-03 16:17:21.550007,2.14331102371,1.05663490295,0.0615360736847,0.355774641037,0.228164196014,0.0652339458466,0.138112545013,0.122505426407,0.00787591934204,0.0425362586975,0.0256185531616,0.0315442085266,0.209678649902,0.406642913818,4204,4212,13334,1864,4204,4212,13334,1864,334764,201684,205364
UL_LAT_BD,2017-03-03 16:17:21.651923,2.14415693283,1.05691385269,0.0615510940552,0.355928659439,0.228239059448,0.06525349617,0.138159990311,0.122582435608,0.00787806510925,0.0425570011139,0.0256319046021,0.0315761566162,0.209748983383,0.406675815582,4206,4214,13340,1865,4206,4214,13340,1865,334916,201772,205468
UL_LAT_BD,2017-03-03 16:17:21.754055,2.14518022537,1.05717992783,0.0615708827972,0.356048583984,0.228328227997,0.0652794837952,0.13821387291,0.122610330582,0.0078809261322,0.0425691604614,0.0256428718567,0.0315761566162,0.20983338356,0.406709909439,4208,4216,13346,1866,4208,4216,13346,1866,335084,201868,205568
UL_LAT_BD,2017-03-03 16:17:21.855818,2.14609718323,1.05744290352,0.0615859031677,0.356159687042,0.228404045105,0.0653002262115,0.138259887695,0.122642278671,0.00788426399231,0.0425848960876,0.0256538391113,0.0315761566162,0.209924459457,0.406746864319,4210,4218,13354,1867,4210,4218,13354,1867,335236,201956,205672
UL_LAT_BD,2017-03-03 16:17:21.957883,2.14726305008,1.05780220032,0.0616118907928,0.356377601624,0.228529930115,0.0653381347656,0.138338088989,0.122730493546,0.00789046287537,0.0426158905029,0.0256729125977,0.031601190567,0.209994077682,0.40678691864,4213,4221,13359,1868,4213,4221,13359,1868,335480,202096,205792
UL_LAT_BD,2017-03-03 16:17:22.060099,2.14925765991,1.05808973312,0.0616319179535,0.356503725052,0.228618144989,0.0653629302979,0.1383934021,0.122767448425,0.00789332389832,0.0426337718964,0.0256841182709,0.031601190567,0.210086107254,0.406826019287,4215,4223,13365,1869,4215,4223,13365,1869,335648,202192,205896
UL_LAT_BD,2017-03-03 16:17:22.161916,2.15403985977,1.05839323997,0.061646938324,0.356619596481,0.228699207306,0.0653858184814,0.138444185257,0.122800350189,0.00789618492126,0.0426468849182,0.0256962776184,0.031601190567,0.210197925568,0.406877040863,4217,4225,13373,1870,4217,4225,13373,1870,335800,202288,206020
UL_LAT_BD,2017-03-03 16:17:22.264050,2.15494370461,1.05871081352,0.0616767406464,0.356801509857,0.228824138641,0.0654218196869,0.138522386551,0.122854471207,0.00790023803711,0.042671918869,0.0257124900818,0.031601190567,0.210261106491,0.406912088394,4220,4228,13379,1871,4220,4228,13379,1871,336044,202428,206124
DL_LAT_BD,2017-03-03 16:17:22.111923,103,0,0,0
UL_LAT_BD,2017-03-03 16:17:22.365848,2.15588235855,1.05900406837,0.0616898536682,0.356948375702,0.228893041611,0.0654406547546,0.138564348221,0.122929573059,0.00790548324585,0.0427010059357,0.0257253646851,0.0316250324249,0.210348129272,0.406947135925,4222,4230,13387,1872,4222,4230,13387,1872,336180,202508,206224
UL_LAT_BD,2017-03-03 16:17:22.467885,2.15693187714,1.05930066109,0.0617117881775,0.357103347778,0.229010105133,0.0654788017273,0.138632535934,0.122965574265,0.0079083442688,0.0427160263062,0.0257375240326,0.0316250324249,0.210415840149,0.406992197037,4224,4232,13392,1873,4224,4232,13392,1873,336364,202620,206324
UL_LAT_BD,2017-03-03 16:17:22.570105,2.15770483017,1.05954885483,0.0617399215698,0.35721540451,0.229087114334,0.0655038356781,0.138680696487,0.122998714447,0.00791144371033,0.0427308082581,0.0257475376129,0.0316250324249,0.210479021072,0.407027244568,4226,4234,13397,1874,4226,4234,13397,1874,336516,202708,206424
UL_LAT_BD,2017-03-03 16:17:22.671922,2.1583147049,1.05985808372,0.0617618560791,0.357451200485,0.229214191437,0.0655376911163,0.138762712479,0.123102664948,0.00791525840759,0.0427689552307,0.0257682800293,0.0316581726074,0.210492134094,0.407060146332,4229,4237,13398,1875,4229,4237,13398,1875,336744,202836,206484
UL_LAT_BD,2017-03-03 16:17:22.774042,2.15925145149,1.0601131916,0.0617799758911,0.357562541962,0.229303359985,0.0655732154846,0.138808727264,0.123122692108,0.00791835784912,0.0427768230438,0.0257732868195,0.0316581726074,0.210567951202,0.407101154327,4231,4239,13403,1876,4231,4239,13403,1876,336928,202960,206620
