UL_LAT_BD,2017-03-03 16:16:33.666933,1.57623887062,0.8668653965,0.0467929840088,0.263600349426,0.169702529907,0.0474326610565,0.101793289185,0.0901772975922,0.00587391853333,0.0323016643524,0.0190649032593,0.024035692215,0.157126903534,0.381443738937,3146,3140,10123,1382,3146,3140,10123,1382,250344,145072,145132
UL_LAT_BD,2017-03-03 16:16:33.769098,1.5770983696,0.86723613739,0.046884059906,0.263757228851,0.169788360596,0.047456741333,0.101847410202,0.0902473926544,0.00587582588196,0.0323226451874,0.0190780162811,0.0240616798401,0.157203912735,0.381479740143,3148,3142,10130,1383,3148,3142,10130,1383,250512,145168,145236
UL_LAT_BD,2017-03-03 16:16:33.870835,1.57796049118,0.867484092712,0.0468978881836,0.263870239258,0.16986656189,0.0474798679352,0.101897478104,0.0902791023254,0.00587964057922,0.0323367118835,0.0190880298615,0.0240616798401,0.15728187561,0.381514787674,3150,3144,10138,1384,3150,3144,10138,1384,250664,145256,145336
UL_LAT_BD,2017-03-03 16:16:33.973040,1.57910823822,0.867815256119,0.046914100647,0.263999223709,0.169956445694,0.0475077629089,0.101954460144,0.0903162956238,0.00588274002075,0.0323524475098,0.0191009044647,0.0240616798401,0.157402038574,0.381572723389,3152,3146,10147,1385,3152,3146,10147,1385,250832,145352,145496
UL_LAT_BD,2017-03-03 16:16:34.075138,1.58022618294,0.868288993835,0.0469391345978,0.264235258102,0.170080423355,0.0475449562073,0.102029561996,0.0904240608215,0.0058867931366,0.0323870182037,0.0191271305084,0.0240938663483,0.157571077347,0.381605625153,3155,3149,10155,1386,3155,3149,10155,1386,251060,145492,145580
UL_LAT_BD,2017-03-03 16:16:34.176935,1.5811252594,0.868602752686,0.0469553470612,0.264410972595,0.170183181763,0.0475716590881,0.102097988129,0.0904960632324,0.00589275360107,0.032436132431,0.0191380977631,0.0240938663483,0.157650709152,0.381641626358,3157,3151,10161,1387,3157,3151,10161,1387,251212,145580,145684
DL_LAT_BD,2017-03-03 16:16:34.062587,103,0,0,0
UL_LAT_BD,2017-03-03 16:16:34.279127,1.58212208748,0.868884563446,0.0469725131989,0.264537811279,0.170267105103,0.047595500946,0.10214972496,0.0905368328094,0.00589466094971,0.0324592590332,0.0191481113434,0.0240938663483,0.157747268677,0.381674766541,3159,3153,10168,1388,3159,3153,10168,1388,251380,145676,145784
UL_LAT_BD,2017-03-03 16:16:34.380801,1.58325362206,0.86926817894,0.0470654964447,0.264650821686,0.170342206955,0.0476179122925,0.102195501328,0.090571641922,0.00589656829834,0.0324773788452,0.019159078598,0.0240938663483,0.157870054245,0.381718873978,3161,3155,10176,1389,3161,3155,10176,1389,251532,145764,145908
UL_LAT_BD,2017-03-03 16:16:34.482977,1.58449912071,0.869768619537,0.0471494197845,0.264929771423,0.170500040054,0.0476553440094,0.102301597595,0.0906908512115,0.00591707229614,0.0325100421906,0.0191793441772,0.0241289138794,0.157959938049,0.381755828857,3164,3158,10182,1390,3164,3158,10182,1390,251776,145904,146008
UL_LAT_BD,2017-03-03 16:16:34.585022,1.58551001549,0.87010383606,0.0471656322479,0.265091896057,0.170621156693,0.0476853847504,0.102363586426,0.0907287597656,0.00592184066772,0.0325281620026,0.0191903114319,0.0241289138794,0.158072948456,0.381790876389,3166,3160,10191,1391,3166,3160,10191,1391,251944,146000,146112
UL_LAT_BD,2017-03-03 16:16:34.686949,1.5866932869,0.87042760849,0.0472486019135,0.265207767487,0.170701265335,0.0477135181427,0.102413415909,0.0907635688782,0.00592374801636,0.0325443744659,0.0192003250122,0.0241289138794,0.158145904541,0.381834030151,3168,3162,10197,1392,3168,3162,10197,1392,252096,146088,146212
UL_LAT_BD,2017-03-03 16:16:34.789084,1.58873438835,0.870830774307,0.0472753047943,0.265454769135,0.170854091644,0.0477545261383,0.102515459061,0.0908544063568,0.00593090057373,0.0325751304626,0.0192196369171,0.0241558551788,0.158232927322,0.381866931915,3171,3165,10204,1393,3171,3165,10204,1393,252340,146228,146316
UL_LAT_BD,2017-03-03 16:16:34.890828,1.58961248398,0.871153354645,0.0473511219025,0.265566825867,0.170928955078,0.047774553299,0.102562427521,0.0908896923065,0.00593423843384,0.0325930118561,0.0192296504974,0.0241558551788,0.158321142197,0.381904125214,3173,3167,10211,1394,3173,3167,10211,1394,252492,146316,146416
UL_LAT_BD,2017-03-03 16:16:34.992972,1.59062552452,0.871483564377,0.047425031662,0.265670776367,0.171004056931,0.0477976799011,0.102607488632,0.090916633606,0.00593709945679,0.0326042175293,0.0192377567291,0.0241558551788,0.158429384232,0.381937980652,3175,3169,10220,1395,3175,3169,10220,1395,252644,146404,146520
UL_LAT_BD,2017-03-03 16:16:35.095035,1.59191179276,0.871792554855,0.0474460124969,0.265793800354,0.171091079712,0.0478224754333,0.102663516998,0.0909495353699,0.00593900680542,0.0326201915741,0.0192487239838,0.0241558551788,0.158546209335,0.381972789764,3177,3171,10230,1396,3177,3171,10230,1396,252812,146508,146624
DL_LAT_BD,2017-03-03 16:16:35.062735,103,0,0,0
UL_LAT_BD,2017-03-03 16:16:35.196953,1.59313893318,0.872256278992,0.0474700927734,0.266107797623,0.171210289001,0.0478553771973,0.102738380432,0.0911405086517,0.00594806671143,0.0326602458954,0.0192656517029,0.0242669582367,0.158631324768,0.382002830505,3180,3174,10236,1397,3180,3174,10236,1397,253040,146640,146708
UL_LAT_BD,2017-03-03 16:16:35.299063,1.59424448013,0.87260055542,0.0474870204926,0.266266584396,0.171328306198,0.0478847026825,0.102817058563,0.0911793708801,0.00595092773438,0.0326764583588,0.0192785263062,0.0242669582367,0.158722877502,0.382050991058,3182,3176,10243,1398,3182,3176,10243,1398,253208,146736,146808
