UL_LAT_BD,2017-03-03 16:17:08.697893,2.0004196167,1.00904488564,0.0559222698212,0.331578731537,0.211335659027,0.0611917972565,0.126351833344,0.115476131439,0.00736546516418,0.0400993824005,0.0239772796631,0.0298502445221,0.198351860046,0.401563167572,3919,3927,12556,1738,3919,3927,12556,1738,312016,188224,192136
UL_LAT_BD,2017-03-03 16:17:08.800035,2.00126981735,1.00930166245,0.0559401512146,0.331696748734,0.211431503296,0.0612201690674,0.126410961151,0.1154961586,0.00736737251282,0.0401093959808,0.0239782333374,0.0298502445221,0.19843006134,0.401597976685,3921,3929,12562,1739,3921,3929,12562,1739,312200,188336,192236
UL_LAT_BD,2017-03-03 16:17:08.900783,2.00273561478,1.00964093208,0.0559623241425,0.33189368248,0.211565494537,0.061253786087,0.126502037048,0.115556001663,0.00737142562866,0.0401246547699,0.0240092277527,0.0298502445221,0.198510885239,0.401632070541,3924,3932,12568,1740,3924,3932,12568,1740,312428,188468,192336
UL_LAT_BD,2017-03-03 16:17:09.004063,2.00373864174,1.00995492935,0.0560374259949,0.33199262619,0.211643695831,0.0612769126892,0.126548051834,0.115572690964,0.00737428665161,0.0401327610016,0.0240092277527,0.0298502445221,0.198605537415,0.401668071747,3926,3934,12575,1741,3926,3934,12575,1741,312580,188556,192436
UL_LAT_BD,2017-03-03 16:17:09.105856,2.00430035591,1.01032590866,0.0562224388123,0.332091569901,0.211726665497,0.0613038539886,0.126597166061,0.115587711334,0.00737524032593,0.0401418209076,0.024010181427,0.0298502445221,0.198644638062,0.401709079742,3928,3936,12577,1742,3928,3936,12577,1742,312764,188652,192552
UL_LAT_BD,2017-03-03 16:17:09.207976,2.00531768799,1.01065039635,0.0562455654144,0.332259654999,0.211833715439,0.061341047287,0.126657247543,0.11564874649,0.00737714767456,0.040148973465,0.0240180492401,0.0298862457275,0.198730707169,0.401748180389,3930,3938,12582,1743,3930,3938,12582,1743,312916,188788,192676
UL_LAT_BD,2017-03-03 16:17:09.310018,2.00632047653,1.01106238365,0.0562746524811,0.332536935806,0.211951732635,0.0613760948181,0.126729011536,0.115803718567,0.00738430023193,0.0401649475098,0.0240333080292,0.0299932956696,0.198784589767,0.401792049408,3933,3941,12585,1744,3933,3941,12585,1744,313144,188920,192756
DL_LAT_BD,2017-03-03 16:17:09.161820,103,0,0,0
UL_LAT_BD,2017-03-03 16:17:09.411931,2.00726819038,1.01137733459,0.0562937259674,0.332712888718,0.212026834488,0.0614011287689,0.126774787903,0.115903615952,0.00738835334778,0.0401740074158,0.0240433216095,0.0300633907318,0.198861598969,0.401831150055,3935,3943,12590,1745,3935,3943,12590,1745,313296,189012,192876
UL_LAT_BD,2017-03-03 16:17:09.512879,2.00815534592,1.01168751717,0.0563108921051,0.332888841629,0.212110757828,0.0614273548126,0.126827716827,0.115993499756,0.00739049911499,0.0401837825775,0.0240831375122,0.0300934314728,0.198935508728,0.401868104935,3937,3945,12596,1746,3937,3945,12596,1746,313464,189108,192976
UL_LAT_BD,2017-03-03 16:17:09.615823,2.00914144516,1.01193809509,0.0563259124756,0.3330078125,0.212195634842,0.0614533424377,0.126879692078,0.11602473259,0.00739359855652,0.0401916503906,0.0240950584412,0.0300934314728,0.199011325836,0.401900053024,3939,3947,12602,1747,3939,3947,12602,1747,313616,189196,193060
UL_LAT_BD,2017-03-03 16:17:09.717885,2.01016879082,1.01224565506,0.0563507080078,0.333188533783,0.212331295013,0.0614967346191,0.126962423325,0.116066932678,0.00740003585815,0.0402023792267,0.0241160392761,0.0300934314728,0.199065923691,0.40194106102,3942,3950,12607,1748,3942,3950,12607,1748,313876,189352,193180
UL_LAT_BD,2017-03-03 16:17:09.820031,2.01099944115,1.01250696182,0.056364774704,0.333299636841,0.212409496307,0.0615200996399,0.127012491226,0.116096735001,0.0074028968811,0.0402176380157,0.0241239070892,0.0300934314728,0.199145317078,0.401989936829,3944,3952,12614,1749,3944,3952,12614,1749,314028,189440,193280
UL_LAT_BD,2017-03-03 16:17:09.921926,2.01184654236,1.01279139519,0.0563788414001,0.333430528641,0.212485551834,0.0615391731262,0.127058506012,0.116149663925,0.00740480422974,0.0402357578278,0.0241358280182,0.0300934314728,0.199242353439,0.402024745941,3946,3954,12620,1750,3946,3954,12620,1750,314180,189528,193384
UL_LAT_BD,2017-03-03 16:17:10.024059,2.01287198067,1.01312303543,0.0564019680023,0.333617448807,0.212617635727,0.061576128006,0.12713932991,0.116201400757,0.00740766525269,0.0402588844299,0.024151802063,0.0300934314728,0.19931435585,0.402062654495,3949,3957,12627,1751,3949,3957,12627,1751,314424,189668,193484
UL_LAT_BD,2017-03-03 16:17:10.125753,2.01385402679,1.01343011856,0.05641913414,0.33377456665,0.212705850601,0.0615971088409,0.127198219299,0.116268396378,0.0074098110199,0.0402810573578,0.0241656303406,0.030116558075,0.199404716492,0.402095556259,3951,3959,12634,1752,3951,3959,12634,1752,314576,189764,193588
UL_LAT_BD,2017-03-03 16:17:10.227883,2.01502561569,1.01374983788,0.056437253952,0.333930492401,0.212826967239,0.0616457462311,0.127260684967,0.116300344467,0.00741362571716,0.0402929782867,0.0241765975952,0.030116558075,0.199489831924,0.402145624161,3953,3961,12641,1753,3953,3961,12641,1753,314744,189860,193708
DL_LAT_BD,2017-03-03 16:17:10.061941,103,8,0,0
UL_LAT_BD,2017-03-03 16:17:10.330106,2.01606440544,1.01406645775,0.0564529895782,0.334072589874,0.212927818298,0.0616765022278,0.127323627472,0.116340637207,0.00741958618164,0.0403108596802,0.0241878032684,0.030116558075,0.199604988098,0.402181625366,3955,3963,12647,1754,3955,3963,12647,1754,314896,189948,193812
UL_LAT_BD,2017-03-03 16:17:10.431820,2.01725649834,1.01451897621,0.0564789772034,0.334386587143,0.213060617447,0.0617153644562,0.127404928207,0.116518735886,0.0074257850647,0.0403459072113,0.0242035388947,0.0302267074585,0.199668884277,0.402220487595,3958,3966,12652,1755,3958,3966,12652,1755,315124,190080,193892
UL_LAT_BD,2017-03-03 16:17:10.534033,2.01835012436,1.0148601532,0.0565028190613,0.334506511688,0.213143587112,0.0617432594299,0.127453804016,0.116553783417,0.00742983818054,0.0403640270233,0.024213552475,0.0302267074585,0.19974899292,0.402328491211,3960,3968,12658,1756,3960,3968,12658,1756,315308,190180,194012
