UL_LAT_BD,2017-03-03 16:15:30.936916,0.883179426193,0.61469244957,0.0270094871521,0.142337322235,0.0931396484375,0.0259182453156,0.0543329715729,0.0471270084381,0.00303387641907,0.015638589859,0.0106875896454,0.0127644538879,0.0884788036346,0.348172903061,1752,1746,5568,767,1752,1746,5568,767,138984,80552,80736
UL_LAT_BD,2017-03-03 16:15:31.038993,0.884085178375,0.614947795868,0.0270223617554,0.142453432083,0.0932066440582,0.0259373188019,0.0543761253357,0.047171831131,0.0030357837677,0.0156698226929,0.0106954574585,0.0127644538879,0.0885589122772,0.348211765289,1754,1748,5575,768,1754,1748,5575,768,139136,80640,80840
UL_LAT_BD,2017-03-03 16:15:31.140816,0.88497710228,0.615298748016,0.0270383358002,0.142636299133,0.0932955741882,0.0259616374969,0.0544321537018,0.0472648143768,0.00303912162781,0.0156936645508,0.0107114315033,0.0128073692322,0.088659286499,0.348252534866,1756,1750,5583,769,1756,1750,5583,769,139304,80744,80944
UL_LAT_BD,2017-03-03 16:15:31.242979,0.885791063309,0.615540027618,0.0270552635193,0.142750024796,0.0933723449707,0.025984287262,0.0544812679291,0.0472986698151,0.00304293632507,0.0157077312469,0.0107223987579,0.0128073692322,0.0887250900269,0.348287582397,1758,1752,5589,770,1758,1752,5589,770,139456,80832,81048
DL_LAT_BD,2017-03-03 16:15:31.062739,103,0,0,0
UL_LAT_BD,2017-03-03 16:15:31.345100,0.886823892593,0.615911722183,0.0271346569061,0.142905950546,0.0934801101685,0.0260155200958,0.0545470714569,0.0473456382751,0.00304841995239,0.0157294273376,0.0107364654541,0.0128073692322,0.0888164043427,0.348322629929,1761,1755,5597,771,1761,1755,5597,771,139684,80964,81148
UL_LAT_BD,2017-03-03 16:15:31.446914,0.887639760971,0.616211414337,0.0271496772766,0.143069982529,0.0935628414154,0.026038646698,0.0545988082886,0.0474247932434,0.00305128097534,0.0157513618469,0.0107514858246,0.0128424167633,0.088897228241,0.348356723785,1763,1757,5604,772,1763,1757,5604,772,139852,81060,81252
UL_LAT_BD,2017-03-03 16:15:31.549043,0.888617515564,0.616614818573,0.0272536277771,0.143193006516,0.0936458110809,0.0260627269745,0.0546498298645,0.0474627017975,0.0030562877655,0.015768289566,0.0107624530792,0.0128424167633,0.0890309810638,0.348390817642,1765,1759,5612,773,1765,1759,5612,773,140004,81148,81352
UL_LAT_BD,2017-03-03 16:15:31.650820,0.889410734177,0.617003202438,0.0273244380951,0.143302202225,0.0937259197235,0.0260879993439,0.0546996593475,0.0474908351898,0.00305843353271,0.0157783031464,0.0107724666595,0.0128424167633,0.089103937149,0.348429918289,1767,1761,5618,774,1767,1761,5618,774,140172,81244,81456
UL_LAT_BD,2017-03-03 16:15:31.752951,0.890527963638,0.617419958115,0.0274081230164,0.143473148346,0.0938439369202,0.0261235237122,0.0547754764557,0.0475387573242,0.00306129455566,0.0158026218414,0.0107865333557,0.0128424167633,0.0892066955566,0.348478078842,1770,1764,5625,775,1770,1764,5625,775,140416,81384,81556
UL_LAT_BD,2017-03-03 16:15:31.855137,0.891497135162,0.61777472496,0.0274240970612,0.143685340881,0.0939178466797,0.0261466503143,0.0548214912415,0.04767370224,0.00306463241577,0.015825510025,0.0108013153076,0.0129294395447,0.0892856121063,0.348519086838,1772,1766,5632,776,1772,1766,5632,776,140568,81472,81660
UL_LAT_BD,2017-03-03 16:15:31.956922,0.89284491539,0.618081569672,0.0274441242218,0.143811225891,0.0940001010895,0.0261719226837,0.0548722743988,0.0477163791656,0.00307059288025,0.0158493518829,0.0108103752136,0.0129294395447,0.0894024372101,0.348552942276,1774,1768,5640,777,1774,1768,5640,777,140736,81568,81760
UL_LAT_BD,2017-03-03 16:15:32.058942,0.89407324791,0.618414163589,0.0274670124054,0.143972158432,0.0941112041473,0.0262072086334,0.0549402236938,0.0477643013,0.00307464599609,0.0158703327179,0.0108253955841,0.0129294395447,0.0895023345947,0.348589897156,1777,1771,5647,778,1777,1771,5647,778,140964,81708,81864
UL_LAT_BD,2017-03-03 16:15:32.160832,0.89496421814,0.618714094162,0.0274953842163,0.14412021637,0.0941944122314,0.0262281894684,0.0549974441528,0.0478272438049,0.00307750701904,0.0158915519714,0.0108373165131,0.0129516124725,0.0895810127258,0.348625898361,1779,1773,5655,779,1779,1773,5655,779,141116,81796,81964
DL_LAT_BD,2017-03-03 16:15:32.062740,103,0,0,0
UL_LAT_BD,2017-03-03 16:15:32.262957,0.895838260651,0.619010210037,0.0275273323059,0.144239187241,0.094277381897,0.026252746582,0.0550496578217,0.0478610992432,0.00307941436768,0.0159063339233,0.0108473300934,0.0129516124725,0.0896790027618,0.348662853241,1781,1775,5664,780,1781,1775,5664,780,141284,81892,82088
UL_LAT_BD,2017-03-03 16:15:32.365143,0.896677494049,0.619249343872,0.0275413990021,0.144340991974,0.0943493843079,0.0262734889984,0.0550937652588,0.0478880405426,0.00308322906494,0.0159175395966,0.0108563899994,0.0129516124725,0.0897619724274,0.348693847656,1783,1777,5672,781,1783,1777,5672,781,141436,81980,82188
UL_LAT_BD,2017-03-03 16:15:32.466965,0.897763252258,0.619568109512,0.0275635719299,0.144507884979,0.0944664478302,0.0263061523438,0.0551660060883,0.0479350090027,0.00308704376221,0.0159394741058,0.0108704566956,0.0129516124725,0.0898466110229,0.348727703094,1786,1780,5680,782,1786,1780,5680,782,141680,82120,82292
UL_LAT_BD,2017-03-03 16:15:32.569040,0.898654460907,0.619861841202,0.0275774002075,0.144678115845,0.0945646762848,0.0263307094574,0.055233001709,0.048003911972,0.00309109687805,0.0159623622894,0.0108833312988,0.0129735469818,0.0899193286896,0.34875869751,1788,1782,5687,783,1788,1782,5687,783,141832,82208,82392
UL_LAT_BD,2017-03-03 16:15:32.670820,0.899557828903,0.62017583847,0.0276494026184,0.144793987274,0.0946505069733,0.0263569355011,0.0552866458893,0.0480329990387,0.00309634208679,0.0159742832184,0.0108933448792,0.0129735469818,0.0900001525879,0.348798751831,1790,1784,5694,784,1790,1784,5694,784,142000,82304,82496
UL_LAT_BD,2017-03-03 16:15:32.772944,0.900426387787,0.620424985886,0.0276622772217,0.144901990891,0.0947225093842,0.0263786315918,0.0553319454193,0.0480649471283,0.00309824943542,0.0159902572632,0.0109024047852,0.0129735469818,0.0900874137878,0.348829746246,1792,1786,5701,785,1792,1786,5701,785,142152,82392,82596
UL_LAT_BD,2017-03-03 16:15:32.874133,0.901413440704,0.620813131332,0.0276834964752,0.145112991333,0.0948464870453,0.0264179706573,0.0554096698761,0.0481498241425,0.00310206413269,0.0160183906555,0.0109193325043,0.0129985809326,0.090202331543,0.34886264801,1795,1789,5708,786,1795,1789,5708,786,142396,82532,82700
UL_LAT_BD,2017-03-03 16:15:32.976928,0.90233707428,0.621137619019,0.0277016162872,0.145231723785,0.0949275493622,0.0264430046082,0.0554597377777,0.048187494278,0.00310492515564,0.0160381793976,0.010927438736,0.0129985809326,0.0903117656708,0.348916769028,1797,1791,5716,787,1797,1791,5716,787,142548,82620,82800
