UL_LAT_BD,2017-03-03 16:17:29.404043,2.23295688629,1.08372664452,0.0658254623413,0.368623495102,0.236701488495,0.0677218437195,0.143555164337,0.12660741806,0.00818943977356,0.0440475940704,0.0266377925873,0.0323362350464,0.215848684311,0.409677505493,4378,4386,13806,1941,4378,4386,13806,1941,348696,209992,213572
UL_LAT_BD,2017-03-03 16:17:29.505851,2.23377108574,1.0839574337,0.0658404827118,0.368729352951,0.236783504486,0.067745923996,0.143607139587,0.126627445221,0.00819134712219,0.0440595149994,0.0266396999359,0.0323362350464,0.215917348862,0.409711360931,4380,4388,13811,1942,4380,4388,13811,1942,348864,210088,213676
UL_LAT_BD,2017-03-03 16:17:29.608004,2.23485398293,1.08432936668,0.0658664703369,0.36895108223,0.236968517303,0.0678079128265,0.143719434738,0.126663208008,0.00819516181946,0.0440809726715,0.0266425609589,0.0323362350464,0.215996265411,0.409746408463,4383,4391,13817,1943,4383,4391,13817,1943,349108,210228,213776
UL_LAT_BD,2017-03-03 16:17:29.710009,2.23562836647,1.08466243744,0.0658843517303,0.369136333466,0.237071752548,0.0678391456604,0.143783807755,0.126742124557,0.00820016860962,0.0440967082977,0.0266585350037,0.0323703289032,0.21608543396,0.409779310226,4385,4393,13823,1944,4385,4393,13823,1944,349260,210316,213880
UL_LAT_BD,2017-03-03 16:17:29.811888,2.23644018173,1.08496236801,0.0658984184265,0.369299650192,0.237145900726,0.0678579807281,0.143828868866,0.126827001572,0.00820326805115,0.0441098213196,0.026668548584,0.0324201583862,0.216166257858,0.409814357758,4387,4395,13830,1945,4387,4395,13830,1945,349412,210404,213980
UL_LAT_BD,2017-03-03 16:17:29.913942,2.23754835129,1.08538341522,0.0659236907959,0.369581699371,0.237269878387,0.0678970813751,0.143906831741,0.126981019974,0.00820732116699,0.0441265106201,0.0267117023468,0.0324993133545,0.216239452362,0.409845352173,4390,4398,13836,1946,4390,4398,13836,1946,349656,210548,214080
UL_LAT_BD,2017-03-03 16:17:30.015775,2.23827409744,1.0856282711,0.0659368038177,0.36968755722,0.23734998703,0.0679218769073,0.143955945969,0.127004861832,0.00820922851562,0.0441327095032,0.0267226696014,0.0324993133545,0.216308116913,0.409894227982,4392,4400,13842,1947,4392,4400,13842,1947,349808,210636,214180
DL_LAT_BD,2017-03-03 16:17:30.061908,103,0,0,0
UL_LAT_BD,2017-03-03 16:17:30.117917,2.23984193802,1.08588242531,0.0659518241882,0.36979842186,0.237434148788,0.0679490566254,0.144004821777,0.127029657364,0.00821304321289,0.0441398620605,0.0267326831818,0.0324993133545,0.216386795044,0.409934282303,4394,4402,13849,1948,4394,4402,13849,1948,349960,210736,214280
UL_LAT_BD,2017-03-03 16:17:30.220110,2.24065995216,1.08613657951,0.0659687519073,0.369918346405,0.237524986267,0.067978143692,0.144059658051,0.127056837082,0.00821590423584,0.0441470146179,0.0267436504364,0.0324993133545,0.216463565826,0.409967422485,4396,4404,13855,1949,4396,4404,13855,1949,350128,210836,214380
UL_LAT_BD,2017-03-03 16:17:30.321877,2.24175524712,1.08655071259,0.0660517215729,0.370114326477,0.237643957138,0.0680110454559,0.144133806229,0.12713098526,0.00821876525879,0.0441670417786,0.0267627239227,0.0325212478638,0.216553688049,0.410002470016,4399,4407,13862,1950,4399,4407,13862,1950,350372,210976,214484
UL_LAT_BD,2017-03-03 16:17:30.423941,2.24253129959,1.0867729187,0.0660667419434,0.370229482651,0.237729072571,0.0680372714996,0.14418554306,0.127159833908,0.00822067260742,0.0441780090332,0.0267727375031,0.0325212478638,0.216605901718,0.410036325455,4401,4409,13867,1951,4401,4409,13867,1951,350540,211072,214584
UL_LAT_BD,2017-03-03 16:17:30.526260,2.24337005615,1.08708238602,0.0661356449127,0.370352268219,0.237814903259,0.0680582523346,0.144228696823,0.127194881439,0.00822377204895,0.0441930294037,0.0267839431763,0.0325212478638,0.216679811478,0.410070180893,4403,4411,13873,1952,4403,4411,13873,1952,350676,211152,214684
UL_LAT_BD,2017-03-03 16:17:30.627891,2.24499511719,1.08743023872,0.0661563873291,0.370571136475,0.237937927246,0.0680961608887,0.144301891327,0.127286911011,0.00822782516479,0.0442190170288,0.0268049240112,0.0325512886047,0.216745615005,0.410105228424,4405,4413,13879,1953,4405,4413,13879,1953,350860,211264,214784
UL_LAT_BD,2017-03-03 16:17:30.730108,2.24597096443,1.08776402473,0.0661783218384,0.370757102966,0.238067865372,0.06813621521,0.144380807877,0.127340078354,0.00823593139648,0.044243812561,0.0268180370331,0.0325512886047,0.216825723648,0.410143375397,4408,4416,13887,1954,4408,4416,13887,1954,351088,211396,214884
UL_LAT_BD,2017-03-03 16:17:30.831929,2.24676775932,1.08802247047,0.0661933422089,0.370874166489,0.238147974014,0.0681610107422,0.144429206848,0.127375125885,0.00823879241943,0.0442621707916,0.0268280506134,0.0325512886047,0.216901540756,0.410185337067,4410,4418,13894,1955,4410,4418,13894,1955,351240,211484,214984
UL_LAT_BD,2017-03-03 16:17:30.934052,2.24769306183,1.08829140663,0.0662114620209,0.371007204056,0.238241910934,0.0681898593903,0.144488096237,0.127413272858,0.00824284553528,0.0442800521851,0.026839017868,0.0325512886047,0.216974496841,0.410221338272,4412,4420,13900,1956,4412,4420,13900,1956,351408,211580,215084
UL_LAT_BD,2017-03-03 16:17:31.035861,2.24862861633,1.08871126175,0.0662271976471,0.371196508408,0.238330841064,0.0682179927826,0.144543170929,0.127512693405,0.00824570655823,0.0443060398102,0.0268568992615,0.0325963497162,0.217059612274,0.410345315933,4414,4422,13907,1957,4414,4422,13907,1957,351560,211668,215208
UL_LAT_BD,2017-03-03 16:17:31.137877,2.24973964691,1.08906197548,0.0662488937378,0.371370792389,0.238456964493,0.0682561397552,0.144620895386,0.127558708191,0.00824856758118,0.0443253517151,0.026871919632,0.0325963497162,0.217159748077,0.410386323929,4417,4425,13916,1958,4417,4425,13916,1958,351804,211816,215292
UL_LAT_BD,2017-03-03 16:17:31.240099,2.25060129166,1.089366436,0.0662627220154,0.371543884277,0.238594055176,0.0683374404907,0.144669055939,0.127593755722,0.00825262069702,0.0443410873413,0.0268828868866,0.0325963497162,0.217232704163,0.41042137146,4419,4427,13922,1959,4419,4427,13922,1959,351956,211904,215396
DL_LAT_BD,2017-03-03 16:17:31.061875,103,0,0,0
UL_LAT_BD,2017-03-03 16:17:31.341890,2.25150823593,1.08971405029,0.0662803649902,0.371739149094,0.238708257675,0.0683588981628,0.144752979279,0.127671718597,0.00825643539429,0.0443623065948,0.0268948078156,0.0326323509216,0.217325687408,0.410456180573,4421,4429,13928,1960,4421,4429,13928,1960,352108,211992,215496
UL_LAT_BD,2017-03-03 16:17:31.443943,2.25238466263,1.09003353119,0.0663051605225,0.371927976608,0.238847017288,0.0684018135071,0.144838094711,0.127717971802,0.00826168060303,0.0443832874298,0.0269107818604,0.0326323509216,0.217388629913,0.410493135452,4424,4432,13933,1961,4424,4432,13933,1961,352368,212144,215616
UL_LAT_BD,2017-03-03 16:17:31.545754,2.25325655937,1.09028315544,0.0663185119629,0.372067213058,0.238927125931,0.0684289932251,0.14488196373,0.127775192261,0.00827574729919,0.044408082962,0.0269229412079,0.0326323509216,0.217444658279,0.41052532196,4426,4434,13938,1962,4426,4434,13938,1962,352520,212236,215696
UL_LAT_BD,2017-03-03 16:17:31.647953,2.25419378281,1.09053254128,0.0663344860077,0.372179031372,0.23900604248,0.0684552192688,0.144929885864,0.127806186676,0.00827980041504,0.0444228649139,0.0269310474396,0.0326323509216,0.217520236969,0.410565376282,4428,4436,13944,1963,4428,4436,13944,1963,352672,212324,215816
UL_LAT_BD,2017-03-03 16:17:31.750099,2.25768947601,1.0939245224,0.0663495063782,0.372330904007,0.23907995224,0.0684766769409,0.144974708557,0.127882242203,0.00828289985657,0.0444438457489,0.0269460678101,0.0326633453369,0.220696926117,0.410600423813,4430,4438,13951,1964,4430,4438,13951,1964,352824,212416,215916
