UL_LAT_BD,2017-03-03 16:16:12.042932,1.34186792374,0.78170132637,0.0402498245239,0.222788095474,0.145059585571,0.0395216941833,0.0869491100311,0.074550151825,0.00490283966064,0.0267791748047,0.0162181854248,0.0190491676331,0.136497020721,0.369062662125,2665,2659,8557,1170,2665,2659,8557,1170,212016,122808,122864
DL_LAT_BD,2017-03-03 16:16:12.061868,103,0,0,0
UL_LAT_BD,2017-03-03 16:16:12.145132,1.34339952469,0.782057285309,0.0402648448944,0.222986221313,0.145131587982,0.0395426750183,0.0869941711426,0.0746731758118,0.00490570068359,0.0268013477325,0.0162310600281,0.0190801620483,0.136590242386,0.369105577469,2667,2661,8565,1171,2667,2661,8565,1171,212168,122904,122988
UL_LAT_BD,2017-03-03 16:16:12.246936,1.34458637238,0.782449007034,0.0402917861938,0.223187208176,0.145275354385,0.0395796298981,0.0870904922485,0.0747284889221,0.00491213798523,0.0268261432648,0.0162460803986,0.0190801620483,0.136671066284,0.369178533554,2670,2664,8572,1172,2670,2664,8572,1172,212412,123044,123088
UL_LAT_BD,2017-03-03 16:16:12.349089,1.34566545486,0.782757282257,0.0403077602386,0.223295211792,0.145347356796,0.0396015644073,0.0871353149414,0.0747625827789,0.00491404533386,0.026841878891,0.0162570476532,0.0190801620483,0.136789321899,0.369235515594,2672,2666,8580,1173,2672,2666,8580,1173,212564,123132,123192
UL_LAT_BD,2017-03-03 16:16:12.450813,1.34660863876,0.783035039902,0.0403249263763,0.223430871964,0.145447254181,0.0396273136139,0.0872037410736,0.0747964382172,0.00491786003113,0.0268590450287,0.0162670612335,0.0190801620483,0.136869430542,0.369269609451,2674,2668,8587,1174,2674,2668,8587,1174,212732,123228,123292
UL_LAT_BD,2017-03-03 16:16:12.552910,1.34759998322,0.78341794014,0.0403389930725,0.223667621613,0.145518302917,0.039648771286,0.0872466564178,0.0749583244324,0.00492072105408,0.0268821716309,0.0162808895111,0.019198179245,0.136947631836,0.369317531586,2676,2670,8594,1175,2676,2670,8594,1175,212884,123316,123396
UL_LAT_BD,2017-03-03 16:16:12.655177,1.34873342514,0.783818244934,0.0403599739075,0.223921298981,0.145717144012,0.0396916866302,0.0873899459839,0.075010061264,0.0049295425415,0.0269043445587,0.0162949562073,0.019198179245,0.137031078339,0.369351625443,2679,2673,8600,1176,2679,2673,8600,1176,213128,123456,123496
UL_LAT_BD,2017-03-03 16:16:12.756861,1.34953141212,0.784093141556,0.0403738021851,0.224053144455,0.145811319351,0.0397174358368,0.0874361991882,0.0750439167023,0.00493359565735,0.0269212722778,0.0163049697876,0.019198179245,0.137105703354,0.369398593903,2681,2675,8607,1177,2681,2675,8607,1177,213280,123544,123600
UL_LAT_BD,2017-03-03 16:16:12.859060,1.35047292709,0.784412145615,0.0403866767883,0.22419834137,0.145887374878,0.0397400856018,0.0874836444855,0.075110912323,0.00493741035461,0.0269453525543,0.0163159370422,0.0192222595215,0.137216806412,0.369439601898,2683,2677,8616,1178,2683,2677,8616,1178,213432,123632,123700
UL_LAT_BD,2017-03-03 16:16:12.960808,1.35159158707,0.784758090973,0.0404126644135,0.224367380142,0.145983219147,0.0397691726685,0.0875444412231,0.0751810073853,0.00494337081909,0.0269935131073,0.0163259506226,0.0192222595215,0.137322664261,0.369476556778,2685,2679,8624,1179,2685,2679,8624,1179,213600,123728,123804
UL_LAT_BD,2017-03-03 16:16:13.062943,1.35269808769,0.785115480423,0.040435552597,0.224561214447,0.146127223969,0.0398056507111,0.0876395702362,0.0752267837524,0.00494742393494,0.0270125865936,0.016340970993,0.0192222595215,0.137395858765,0.369534730911,2688,2682,8631,1180,2688,2682,8631,1180,213844,123876,123908
UL_LAT_BD,2017-03-03 16:16:13.165049,1.3536131382,0.785393476486,0.0404493808746,0.224678277969,0.146202325821,0.039826631546,0.0876867771149,0.0752668380737,0.00495147705078,0.0270345211029,0.0163490772247,0.0192222595215,0.137475252151,0.369592666626,2690,2684,8638,1181,2690,2684,8638,1181,213996,123964,124032
UL_LAT_BD,2017-03-03 16:16:13.267041,1.35456061363,0.785701751709,0.0404615402222,0.224838256836,0.146278381348,0.039849281311,0.0877346992493,0.0753498077393,0.00495433807373,0.0270555019379,0.0163638591766,0.0192601680756,0.137561321259,0.369632720947,2692,2686,8645,1182,2692,2686,8645,1182,214148,124052,124148
DL_LAT_BD,2017-03-03 16:16:13.062540,103,0,1,0
UL_LAT_BD,2017-03-03 16:16:13.369073,1.35576510429,0.786082267761,0.040486574173,0.225046157837,0.146433353424,0.0398952960968,0.0878245830536,0.0754005908966,0.00496125221252,0.0270755290985,0.0163798332214,0.0192601680756,0.137655258179,0.369675636292,2695,2689,8653,1183,2695,2689,8653,1183,214392,124204,124252
UL_LAT_BD,2017-03-03 16:16:13.470819,1.35779953003,0.786471128464,0.0405004024506,0.225156068802,0.146506309509,0.0399174690247,0.0878705978394,0.0754344463348,0.00496530532837,0.0270934104919,0.0163888931274,0.0192601680756,0.137868881226,0.36971783638,2697,2691,8660,1184,2697,2691,8660,1184,214544,124292,124352
UL_LAT_BD,2017-03-03 16:16:13.572976,1.35923242569,0.786817789078,0.0405163764954,0.225352048874,0.146579265594,0.039936542511,0.0879166126251,0.0755565166473,0.00496816635132,0.0271084308624,0.0163998603821,0.0193462371826,0.137947797775,0.369766712189,2699,2693,8665,1185,2699,2693,8665,1185,214696,124380,124456
UL_LAT_BD,2017-03-03 16:16:13.675044,1.3611972332,0.787143230438,0.0405604839325,0.225474119186,0.146664381027,0.039963722229,0.0879712104797,0.0755903720856,0.00497102737427,0.0271244049072,0.0164110660553,0.0193462371826,0.138037443161,0.369826793671,2701,2695,8673,1186,2701,2695,8673,1186,214864,124476,124576
UL_LAT_BD,2017-03-03 16:16:13.776938,1.36227965355,0.787425518036,0.0405828952789,0.225630283356,0.146774530411,0.0399978160858,0.0880382061005,0.0756332874298,0.0049741268158,0.0271425247192,0.0164241790771,0.0193462371826,0.138102293015,0.369855642319,2704,2698,8679,1187,2704,2698,8679,1187,215092,124608,124660
UL_LAT_BD,2017-03-03 16:16:13.879130,1.36350488663,0.787903308868,0.0406007766724,0.225773096085,0.146873474121,0.0400257110596,0.0880978107452,0.0756752490997,0.00497913360596,0.0271637439728,0.0164351463318,0.0193462371826,0.138364315033,0.369899749756,2706,2700,8687,1188,2706,2700,8687,1188,215260,124704,124760
