UL_LAT_BD,2017-03-03 16:14:42.181283,0.339760780334,0.120008707047,0.0106356143951,0.0561954975128,0.0389211177826,0.011899471283,0.0217633247375,0.016544342041,0.00108361244202,0.0060887336731,0.0040647983551,0.00340723991394,0.0383722782135,0.0118937492371,659,655,2064,289,659,655,2064,289,52248,30308,30396
UL_LAT_BD,2017-03-03 16:14:42.282958,0.340792417526,0.121109962463,0.0114576816559,0.0563395023346,0.0390360355377,0.0119504928589,0.0218191146851,0.0165724754333,0.00108742713928,0.0060977935791,0.00407671928406,0.00340723991394,0.0384514331818,0.0119256973267,661,657,2070,290,661,657,2070,290,52416,30404,30496
UL_LAT_BD,2017-03-03 16:14:42.385202,0.341895341873,0.121597528458,0.0116496086121,0.0565104484558,0.0391519069672,0.0119824409485,0.0218911170959,0.0166256427765,0.00109362602234,0.00612664222717,0.00409078598022,0.00340723991394,0.0385324954987,0.0119578838348,664,660,2077,291,664,660,2077,291,52660,30544,30600
UL_LAT_BD,2017-03-03 16:14:42.486919,0.342796087265,0.121953964233,0.01171875,0.0566575527191,0.0392220020294,0.0120043754578,0.0219361782074,0.0166997909546,0.00109577178955,0.00614762306213,0.0041036605835,0.00343918800354,0.0386226177216,0.0119988918304,666,662,2086,292,666,662,2086,292,52812,30632,30720
UL_LAT_BD,2017-03-03 16:14:42.589044,0.34357714653,0.12229514122,0.0117337703705,0.0568816661835,0.0393991470337,0.0121126174927,0.021995306015,0.016744852066,0.0010998249054,0.00616455078125,0.00411033630371,0.00343918800354,0.0386807918549,0.0120348930359,668,664,2091,293,668,664,2091,293,52980,30732,30820
UL_LAT_BD,2017-03-03 16:14:42.690757,0.345222949982,0.122547864914,0.0117468833923,0.0569968223572,0.0394732952118,0.012134552002,0.0220427513123,0.016783952713,0.00110673904419,0.00617957115173,0.00412034988403,0.00343918800354,0.0387623310089,0.0120697021484,670,666,2098,294,670,666,2098,294,53132,30820,30920
UL_LAT_BD,2017-03-03 16:14:42.793010,0.346304416656,0.122885942459,0.0117700099945,0.0571777820587,0.0395972728729,0.0121703147888,0.0221207141876,0.0168371200562,0.00111079216003,0.00620746612549,0.00413417816162,0.00343918800354,0.0388555526733,0.0121037960052,673,669,2106,295,673,669,2106,295,53376,30960,31024
UL_LAT_BD,2017-03-03 16:14:42.895113,0.347144126892,0.123208761215,0.0117871761322,0.0573596954346,0.0396692752838,0.0121891498566,0.0221657752991,0.0169451236725,0.00111484527588,0.00622749328613,0.00418543815613,0.00346612930298,0.0389406681061,0.0121357440948,675,671,2114,296,675,671,2114,296,53528,31048,31124
UL_LAT_BD,2017-03-03 16:14:42.996923,0.34796833992,0.123517751694,0.0118021965027,0.0574686527252,0.0397493839264,0.0122132301331,0.0222158432007,0.0169720649719,0.00111770629883,0.00623726844788,0.00419425964355,0.00346612930298,0.0390441417694,0.0122098922729,677,673,2123,297,677,673,2123,297,53696,31144,31248
UL_LAT_BD,2017-03-03 16:14:43.099045,0.348964452744,0.123860120773,0.0118229389191,0.0576696395874,0.0398764610291,0.0122492313385,0.022293806076,0.0170421600342,0.00112080574036,0.00628137588501,0.00420832633972,0.00346612930298,0.039115190506,0.0122539997101,680,676,2130,298,680,676,2130,298,53940,31292,31388
UL_LAT_BD,2017-03-03 16:14:43.200901,0.351330518723,0.124213218689,0.0118408203125,0.0578348636627,0.0399584770203,0.0122723579407,0.0223436355591,0.0171234607697,0.00112509727478,0.00630402565002,0.00422430038452,0.00349831581116,0.0392422676086,0.0122859477997,682,678,2138,299,682,678,2138,299,54092,31380,31492
DL_LAT_BD,2017-03-03 16:14:43.062091,103,0,0,0
UL_LAT_BD,2017-03-03 16:14:43.302953,0.352195739746,0.124497413635,0.0118589401245,0.0579707622528,0.0400524139404,0.0122992992401,0.0224018096924,0.0171616077423,0.0011293888092,0.00632262229919,0.00423526763916,0.00349831581116,0.0393233299255,0.012326002121,684,680,2146,300,684,680,2146,300,54260,31476,31592
UL_LAT_BD,2017-03-03 16:14:43.405094,0.353422164917,0.124755859375,0.011873960495,0.0580697059631,0.0401215553284,0.0123183727264,0.0224447250366,0.0171895027161,0.00113344192505,0.00633358955383,0.00424528121948,0.00349831581116,0.0394186973572,0.0123648643494,686,682,2155,301,686,682,2155,301,54412,31564,31696
UL_LAT_BD,2017-03-03 16:14:43.506921,0.354701280594,0.125108957291,0.0119061470032,0.0582695007324,0.0402524471283,0.0123536586761,0.0225296020508,0.0172555446625,0.00113749504089,0.00637531280518,0.00425839424133,0.00349831581116,0.0394983291626,0.0123958587646,689,685,2163,302,689,685,2163,302,54656,31704,31796
UL_LAT_BD,2017-03-03 16:14:43.609058,0.355466365814,0.125373363495,0.0119211673737,0.0584173202515,0.0403294563293,0.0123746395111,0.0225765705109,0.0173234939575,0.00113940238953,0.00639629364014,0.00427341461182,0.00352334976196,0.0395596027374,0.0124280452728,691,687,2169,303,691,687,2169,303,54808,31792,31900
UL_LAT_BD,2017-03-03 16:14:43.710810,0.356330394745,0.125608444214,0.0119364261627,0.0585165023804,0.0403995513916,0.0123970508575,0.0226194858551,0.017350435257,0.00114250183105,0.00640726089478,0.00428247451782,0.00352334976196,0.03963971138,0.0124619007111,693,689,2177,304,693,689,2177,304,54960,31880,32000
UL_LAT_BD,2017-03-03 16:14:43.812954,0.357309579849,0.126026630402,0.0120375156403,0.05868268013,0.0405216217041,0.0124411582947,0.0226883888245,0.0173923969269,0.00114727020264,0.00642609596252,0.00429558753967,0.00352334976196,0.0397455692291,0.0124998092651,695,691,2184,305,695,691,2184,305,55128,31976,32104
UL_LAT_BD,2017-03-03 16:14:43.915007,0.358371257782,0.129065513611,0.0120606422424,0.0589306354523,0.0406727790833,0.0124890804291,0.0227637290955,0.017486333847,0.00115513801575,0.0064582824707,0.00431227684021,0.00355243682861,0.0424704551697,0.0125308036804,698,694,2191,306,698,694,2191,306,55372,32116,32204
UL_LAT_BD,2017-03-03 16:14:44.016924,0.359249591827,0.129343986511,0.0120756626129,0.0590364933014,0.0407457351685,0.0125117301941,0.0228066444397,0.0175173282623,0.0011579990387,0.00647330284119,0.00432229042053,0.00355243682861,0.0425865650177,0.0125648975372,700,696,2198,307,700,696,2198,307,55524,32204,32308
UL_LAT_BD,2017-03-03 16:14:44.119043,0.360236644745,0.129626989365,0.0120906829834,0.0591585636139,0.040834903717,0.0125346183777,0.0228636264801,0.0175473690033,0.00116109848022,0.00648617744446,0.00433111190796,0.00355243682861,0.0426878929138,0.0126008987427,702,698,2205,308,702,698,2205,308,55692,32308,32428
DL_LAT_BD,2017-03-03 16:14:44.062134,103,0,0,0
UL_LAT_BD,2017-03-03 16:14:44.220855,0.361181259155,0.129917860031,0.0121059417725,0.0592784881592,0.0409169197083,0.0125596523285,0.022914648056,0.0175843238831,0.00116419792175,0.00650310516357,0.00434303283691,0.00355243682861,0.0428020954132,0.0126340389252,704,700,2213,309,704,700,2213,309,55844,32396,32532
UL_LAT_BD,2017-03-03 16:14:44.322956,0.362315177917,0.130395174026,0.0121278762817,0.0595855712891,0.0410358905792,0.0125916004181,0.0229887962341,0.0177683830261,0.00116991996765,0.0065393447876,0.00436305999756,0.00366640090942,0.0429081916809,0.0126650333405,707,703,2222,310,707,703,2222,310,56072,32528,32632
