UL_LAT_BD,2017-03-03 16:14:33.715156,0.24715924263,0.0869526863098,0.0068633556366,0.0426850318909,0.030524969101,0.00936818122864,0.0165274143219,0.0116403102875,0.000779390335083,0.00432324409485,0.00284051895142,0.00241947174072,0.0267159938812,0.00855588912964,466,465,1478,206,466,465,1478,206,36984,21460,21592
UL_LAT_BD,2017-03-03 16:14:33.816936,0.247936487198,0.0871708393097,0.00687718391418,0.0427868366241,0.0305938720703,0.00938844680786,0.0165703296661,0.0116713047028,0.000781774520874,0.00433802604675,0.00284957885742,0.00241947174072,0.0267794132233,0.00858783721924,468,467,1484,207,468,467,1484,207,37136,21548,21696
UL_LAT_BD,2017-03-03 16:14:33.919110,0.248908996582,0.0875709056854,0.00690221786499,0.043027639389,0.0307219028473,0.00942635536194,0.0166480541229,0.011782169342,0.000787973403931,0.00436758995056,0.00286817550659,0.00246548652649,0.0268714427948,0.00861883163452,471,470,1490,208,471,470,1490,208,37380,21688,21796
UL_LAT_BD,2017-03-03 16:14:34.020773,0.2497651577,0.0878591537476,0.00691819190979,0.0431478023529,0.0308048725128,0.00945138931274,0.0167000293732,0.0118165016174,0.000791072845459,0.00438141822815,0.00287938117981,0.00246548652649,0.0269594192505,0.00867581367493,473,472,1497,209,473,472,1497,209,37532,21776,21900
UL_LAT_BD,2017-03-03 16:14:34.122958,0.25074672699,0.0881555080414,0.00693297386169,0.0432646274567,0.030886888504,0.00947618484497,0.016753911972,0.011848449707,0.000793933868408,0.00439667701721,0.00288939476013,0.00246548652649,0.027054309845,0.00873470306396,475,474,1505,210,475,474,1505,210,37700,21880,22004
UL_LAT_BD,2017-03-03 16:14:34.225114,0.251508712769,0.0884313583374,0.00694632530212,0.0434195995331,0.0309629440308,0.00949811935425,0.016802072525,0.0119254589081,0.000797748565674,0.00441980361938,0.00290274620056,0.00249838829041,0.02712225914,0.00876665115356,477,476,1511,211,477,476,1511,211,37852,21968,22108
DL_LAT_BD,2017-03-03 16:14:34.061950,103,0,0,0
UL_LAT_BD,2017-03-03 16:14:34.326925,0.252561330795,0.0887811183929,0.00697231292725,0.0436317920685,0.0311210155487,0.00953793525696,0.0169100761414,0.0119767189026,0.000802755355835,0.00444269180298,0.00291967391968,0.00249838829041,0.0271942615509,0.00879764556885,480,479,1517,212,480,479,1517,212,38096,22108,22208
UL_LAT_BD,2017-03-03 16:14:34.428945,0.253532409668,0.0892984867096,0.00705027580261,0.0437388420105,0.0311920642853,0.00955867767334,0.0169541835785,0.0120098590851,0.000804662704468,0.00445938110352,0.0029296875,0.00249838829041,0.0274837017059,0.00883078575134,482,481,1524,213,482,481,1524,213,38248,22196,22312
UL_LAT_BD,2017-03-03 16:14:34.530860,0.254475593567,0.0897481441498,0.00722026824951,0.0438559055328,0.0312762260437,0.00958490371704,0.0170071125031,0.012042760849,0.000806570053101,0.00447368621826,0.00293970108032,0.00249838829041,0.0275955200195,0.00886964797974,484,483,1532,214,484,483,1532,214,38416,22292,22412
UL_LAT_BD,2017-03-03 16:14:34.632962,0.25540137291,0.0901162624359,0.00725436210632,0.0440647602081,0.0313601493835,0.00960874557495,0.0170595645905,0.0121657848358,0.000810384750366,0.00453543663025,0.0029559135437,0.00252842903137,0.0276715755463,0.00891160964966,486,485,1538,215,486,485,1538,215,38568,22380,22516
UL_LAT_BD,2017-03-03 16:14:34.735104,0.25654053688,0.0906276702881,0.00744223594666,0.0442297458649,0.0314891338348,0.00964522361755,0.0171406269073,0.0121977329254,0.000815153121948,0.00455331802368,0.00295782089233,0.00252842903137,0.0277693271637,0.0089635848999,489,488,1546,216,489,488,1546,216,38812,22520,22640
UL_LAT_BD,2017-03-03 16:14:34.836961,0.257459640503,0.09095287323,0.00753045082092,0.0443358421326,0.0315721035004,0.00966811180115,0.017192363739,0.0122187137604,0.00081729888916,0.00456523895264,0.00295877456665,0.00252842903137,0.0278506278992,0.00900459289551,491,490,1552,217,491,490,1552,217,38980,22616,22740
UL_LAT_BD,2017-03-03 16:14:34.939082,0.258288383484,0.0913717746735,0.00766849517822,0.044463634491,0.0316469669342,0.00968933105469,0.0172393321991,0.0122697353363,0.000821352005005,0.00457429885864,0.00299477577209,0.00252842903137,0.027943611145,0.00905561447144,493,492,1558,218,493,492,1558,218,39132,22704,22844
UL_LAT_BD,2017-03-03 16:14:35.040863,0.259123563766,0.0916819572449,0.00768327713013,0.044620513916,0.0317621231079,0.0097234249115,0.0173094272614,0.0123066902161,0.000826120376587,0.00459933280945,0.00299692153931,0.00252842903137,0.0280401706696,0.00909066200256,495,494,1565,219,495,494,1565,219,39300,22800,22944
UL_LAT_BD,2017-03-03 16:14:35.142950,0.260190963745,0.0920166969299,0.00770211219788,0.044757604599,0.0318701267242,0.00975465774536,0.0173752307892,0.0123345851898,0.000830173492432,0.00461530685425,0.00299882888794,0.00252842903137,0.0281403064728,0.00915479660034,498,497,1574,220,498,497,1574,220,39528,22940,23084
DL_LAT_BD,2017-03-03 16:14:35.062733,103,0,0,0
UL_LAT_BD,2017-03-03 16:14:35.245118,0.263440132141,0.0922894477844,0.00772309303284,0.0448505878448,0.0319411754608,0.00977659225464,0.017421245575,0.0123524665833,0.00083327293396,0.00462532043457,0.00300073623657,0.00252842903137,0.0282156467438,0.00923371315002,500,499,1581,221,500,499,1581,221,39680,23028,23184
UL_LAT_BD,2017-03-03 16:14:35.346965,0.264241933823,0.0925834178925,0.00773811340332,0.0450005531311,0.032032251358,0.00981044769287,0.0174713134766,0.0124094486237,0.000836372375488,0.00464034080505,0.00303483009338,0.00252842903137,0.0282926559448,0.00927972793579,502,501,1589,222,502,501,1589,222,39848,23124,23288
UL_LAT_BD,2017-03-03 16:14:35.448978,0.265562057495,0.0928966999054,0.00776886940002,0.0451686382294,0.0321490764618,0.00984358787537,0.0175449848175,0.0124573707581,0.000841617584229,0.00465822219849,0.00303769111633,0.00252842903137,0.0283625125885,0.00931072235107,505,504,1597,223,505,504,1597,223,40092,23264,23388
UL_LAT_BD,2017-03-03 16:14:35.550873,0.266449689865,0.0931961536407,0.00784063339233,0.0452606678009,0.0322210788727,0.00986242294312,0.0175893306732,0.0124752521515,0.000845432281494,0.00466823577881,0.00303864479065,0.00252842903137,0.0284492969513,0.009352684021,507,506,1604,224,507,506,1604,224,40244,23352,23492
UL_LAT_BD,2017-03-03 16:14:35.652952,0.267509698868,0.093611240387,0.00792050361633,0.0454208850861,0.0323133468628,0.00989055633545,0.0176472663879,0.012540102005,0.000847339630127,0.00468325614929,0.00304961204529,0.00256037712097,0.0285754203796,0.00938963890076,509,508,1613,225,509,508,1613,225,40412,23448,23612
