UL_LAT_BD,2017-03-03 16:15:26.755003,0.834058761597,0.600863218307,0.0252683162689,0.136065006256,0.0892968177795,0.0247447490692,0.0519695281982,0.0447931289673,0.00286793708801,0.0148301124573,0.0101025104523,0.0122227668762,0.0846347808838,0.346577167511,1659,1653,5265,726,1659,1653,5265,726,131612,76276,76440
UL_LAT_BD,2017-03-03 16:15:26.856903,0.834989070892,0.601095438004,0.0252873897552,0.13615489006,0.0893657207489,0.0247666835785,0.0520136356354,0.0448122024536,0.00287008285522,0.0148401260376,0.0101034641266,0.0122227668762,0.0847170352936,0.346612215042,1661,1655,5272,727,1661,1655,5272,727,131764,76364,76540
UL_LAT_BD,2017-03-03 16:15:26.959041,0.835834980011,0.601506948471,0.0253005027771,0.136380910873,0.089462518692,0.0247936248779,0.0520734786987,0.0449390411377,0.00287389755249,0.014856338501,0.0101222991943,0.0123038291931,0.0848476886749,0.346644163132,1663,1657,5280,728,1663,1657,5280,728,131916,76452,76644
UL_LAT_BD,2017-03-03 16:15:27.060826,0.836791276932,0.601818084717,0.0253174304962,0.13655424118,0.0895478725433,0.0248219966888,0.0521264076233,0.0450248718262,0.00287580490112,0.0148665904999,0.0101542472839,0.012336730957,0.0849289894104,0.34667634964,1665,1659,5288,729,1665,1659,5288,729,132084,76548,76748
DL_LAT_BD,2017-03-03 16:15:27.060826,103,0,0,0
UL_LAT_BD,2017-03-03 16:15:27.162954,0.837962150574,0.602196455002,0.0253415107727,0.136766433716,0.0897190570831,0.0249063968658,0.0522034168243,0.0450639724731,0.00287961959839,0.0148758888245,0.0101733207703,0.012336730957,0.0850143432617,0.3467233181,1668,1662,5296,730,1668,1662,5296,730,132328,76696,76852
UL_LAT_BD,2017-03-03 16:15:27.265150,0.838882446289,0.602470397949,0.0253555774689,0.136902332306,0.0897879600525,0.0249261856079,0.0522468090057,0.0451300144196,0.00288343429565,0.0148818492889,0.0102224349976,0.012336730957,0.0850975513458,0.34675526619,1670,1664,5305,731,1670,1664,5305,731,132480,76784,76952
UL_LAT_BD,2017-03-03 16:15:27.366920,0.839983224869,0.602797746658,0.0253746509552,0.137001514435,0.0898609161377,0.02494597435,0.0522909164429,0.045154094696,0.00288653373718,0.0148897171021,0.0102324485779,0.012336730957,0.085263967514,0.346788167953,1672,1666,5314,732,1672,1666,5314,732,132632,76872,77056
UL_LAT_BD,2017-03-03 16:15:27.469042,0.841201066971,0.603235721588,0.0254037380219,0.137269258499,0.0900175571442,0.0250005722046,0.0523827075958,0.0452606678009,0.00289225578308,0.0149257183075,0.0102558135986,0.0123705863953,0.0853548049927,0.346827983856,1675,1669,5320,733,1675,1669,5320,733,132876,77012,77156
UL_LAT_BD,2017-03-03 16:15:27.570893,0.842089176178,0.603649377823,0.025538444519,0.137412309647,0.0900945663452,0.025021314621,0.0524296760559,0.0453248023987,0.0028965473175,0.0149674415588,0.0102710723877,0.0123705863953,0.0854377746582,0.346871852875,1677,1671,5327,734,1677,1671,5327,734,133028,77100,77280
UL_LAT_BD,2017-03-03 16:15:27.672963,0.843833446503,0.604039430618,0.0256736278534,0.137528419495,0.0901784896851,0.0250463485718,0.0524835586548,0.0453548431396,0.00289988517761,0.0149781703949,0.0102832317352,0.0123705863953,0.0855345726013,0.346904993057,1679,1673,5334,735,1679,1673,5334,735,133196,77196,77380
UL_LAT_BD,2017-03-03 16:15:27.775237,0.84486913681,0.604402780533,0.0256860256195,0.137631416321,0.0902483463287,0.0250673294067,0.0525286197662,0.0453870296478,0.00290179252625,0.0149929523468,0.0102932453156,0.0123705863953,0.0857248306274,0.34694981575,1681,1675,5342,736,1681,1675,5342,736,133348,77284,77484
UL_LAT_BD,2017-03-03 16:15:27.877023,0.845890283585,0.604885339737,0.0257830619812,0.13790512085,0.0903820991516,0.025116443634,0.0526053905487,0.0455241203308,0.0029079914093,0.015068769455,0.0103094577789,0.0124025344849,0.0857930183411,0.34698677063,1684,1678,5348,737,1684,1678,5348,737,133592,77424,77584
UL_LAT_BD,2017-03-03 16:15:27.979050,0.846956253052,0.605243206024,0.0258650779724,0.138031959534,0.0904672145844,0.0251424312592,0.0526571273804,0.0455620288849,0.0029149055481,0.0150837898254,0.0103206634521,0.0124025344849,0.0858976840973,0.347018957138,1686,1680,5356,738,1686,1680,5356,738,133744,77512,77688
UL_LAT_BD,2017-03-03 16:15:28.080836,0.847843647003,0.605632066727,0.0260093212128,0.138150930405,0.0905513763428,0.0251665115356,0.0527093410492,0.0455939769745,0.00291681289673,0.0150990486145,0.0103306770325,0.0124025344849,0.0859725475311,0.347059965134,1688,1682,5363,739,1688,1682,5363,739,133912,77616,77792
UL_LAT_BD,2017-03-03 16:15:28.182947,0.852548599243,0.606024980545,0.0261354446411,0.138257026672,0.0906233787537,0.0251877307892,0.0527522563934,0.045627117157,0.00291967391968,0.0151162147522,0.0103397369385,0.0124025344849,0.0860865116119,0.347095966339,1690,1684,5372,740,1690,1684,5372,740,134064,77704,77916
DL_LAT_BD,2017-03-03 16:15:28.062535,103,0,0,0
UL_LAT_BD,2017-03-03 16:15:28.285019,0.853568315506,0.606388807297,0.0261585712433,0.138478279114,0.090740442276,0.025221824646,0.0528249740601,0.0457272529602,0.00292372703552,0.0151431560516,0.0103569030762,0.0124444961548,0.0861644744873,0.347128868103,1693,1687,5380,741,1693,1687,5380,741,134308,77844,78016
UL_LAT_BD,2017-03-03 16:15:28.386941,0.854623317719,0.606653928757,0.026177406311,0.138578414917,0.0908114910126,0.0252425670624,0.0528690814972,0.045755147934,0.00292682647705,0.0151529312134,0.0103669166565,0.0124444961548,0.0862684249878,0.347162008286,1695,1689,5389,742,1695,1689,5389,742,134460,77932,78120
UL_LAT_BD,2017-03-03 16:15:28.489045,0.855492353439,0.606924533844,0.0262050628662,0.138697385788,0.0908913612366,0.025265455246,0.0529189109802,0.0457942485809,0.0029296875,0.0151720046997,0.0103778839111,0.0124444961548,0.0863492488861,0.347194910049,1697,1691,5396,743,1697,1691,5396,743,134612,78020,78220
UL_LAT_BD,2017-03-03 16:15:28.590824,0.856382369995,0.607213020325,0.0262198448181,0.138849496841,0.0909714698792,0.0252892971039,0.0529689788818,0.045862197876,0.00293278694153,0.015193939209,0.0103898048401,0.0124695301056,0.0864300727844,0.347226858139,1699,1693,5403,744,1699,1693,5403,744,134780,78116,78324
UL_LAT_BD,2017-03-03 16:15:28.692955,0.857550621033,0.607707738876,0.0263664722443,0.139033317566,0.0911045074463,0.0253305435181,0.0530514717102,0.0459082126617,0.00293874740601,0.0152161121368,0.010404586792,0.0124695301056,0.0865149497986,0.347296953201,1702,1696,5409,745,1702,1696,5409,745,135024,78256,78444
