UL_LAT_BD,2017-03-03 16:17:59.800100,2.56032752991,1.19483733177,0.0779654979706,0.421113967896,0.269475698471,0.077924489975,0.163620710373,0.145553827286,0.00937438011169,0.0507855415344,0.030891418457,0.0371143817902,0.244678020477,0.424484729767,5054,5062,15670,2239,5054,5062,15670,2239,402488,241924,245008
UL_LAT_BD,2017-03-03 16:17:59.901842,2.56138491631,1.19521999359,0.0779836177826,0.421271800995,0.269606590271,0.0779526233673,0.163717746735,0.145578861237,0.00937867164612,0.0508005619049,0.0308933258057,0.0371143817902,0.244791984558,0.424567699432,5056,5064,15677,2240,5056,5064,15677,2240,402656,242020,245112
UL_LAT_BD,2017-03-03 16:18:00.003963,2.56221342087,1.19544839859,0.077999830246,0.421377658844,0.269689559937,0.0779752731323,0.163771152496,0.14560174942,0.00938153266907,0.0508139133453,0.0308952331543,0.0371143817902,0.244853973389,0.424601793289,5058,5066,15682,2241,5058,5066,15682,2241,402808,242108,245212
DL_LAT_BD,2017-03-03 16:18:00.061875,103,8,0,0
UL_LAT_BD,2017-03-03 16:18:00.105766,2.56304383278,1.1957347393,0.0780348777771,0.421501636505,0.269785642624,0.078004360199,0.163830280304,0.145627498627,0.00938439369202,0.0508279800415,0.0308971405029,0.0371143817902,0.244938611984,0.424635887146,5060,5068,15689,2242,5060,5068,15689,2242,402976,242204,245316
UL_LAT_BD,2017-03-03 16:18:00.207929,2.56423258781,1.1986784935,0.0780580043793,0.42169547081,0.269911289215,0.0780465602875,0.163904428482,0.14569067955,0.00938963890076,0.0508449077606,0.0309312343597,0.0371143817902,0.245005607605,0.424679994583,5063,5071,15694,2243,5063,5071,15694,2243,403220,242360,245432
UL_LAT_BD,2017-03-03 16:18:00.310104,2.56498074532,1.19897890091,0.0780711174011,0.421800613403,0.269994497299,0.0780744552612,0.163956642151,0.145711660385,0.00939345359802,0.050853729248,0.0309331417084,0.0371143817902,0.24507188797,0.424789190292,5065,5073,15698,2244,5065,5073,15698,2244,403372,242452,245532
UL_LAT_BD,2017-03-03 16:18:00.411818,2.56571602821,1.19919085503,0.0780854225159,0.421898603439,0.270072460175,0.0780961513519,0.164004564285,0.145730733871,0.00939631462097,0.0508627891541,0.0309352874756,0.0371143817902,0.245129823685,0.424823045731,5067,5075,15703,2245,5067,5075,15703,2245,403524,242540,245632
UL_LAT_BD,2017-03-03 16:18:00.514153,2.56671857834,1.19956946373,0.0781083106995,0.422171354294,0.270226240158,0.0781328678131,0.164111614227,0.145846843719,0.00940346717834,0.050877571106,0.0309493541718,0.0371842384338,0.245176792145,0.424853086472,5070,5078,15706,2246,5070,5078,15706,2246,403752,242676,245712
UL_LAT_BD,2017-03-03 16:18:00.615871,2.56761240959,1.19990563393,0.0781264305115,0.422372341156,0.270341396332,0.0781624317169,0.164184570312,0.145929813385,0.00940537452698,0.0508906841278,0.0309612751007,0.0372333526611,0.245247125626,0.424892187119,5072,5080,15712,2247,5072,5080,15712,2247,403936,242788,245832
UL_LAT_BD,2017-03-03 16:18:00.717879,2.56856751442,1.20023059845,0.0781433582306,0.422526359558,0.270439386368,0.078188419342,0.164252281189,0.145982503891,0.00940823554993,0.0508978366852,0.0310001373291,0.0372333526611,0.245316982269,0.424967288971,5074,5082,15718,2248,5074,5082,15718,2248,404088,242876,245952
UL_LAT_BD,2017-03-03 16:18:00.820133,2.56950592995,1.20048379898,0.0781593322754,0.422626495361,0.270515203476,0.078209400177,0.164301156998,0.146005630493,0.00941133499146,0.0509026050568,0.0310099124908,0.0372333526611,0.245411396027,0.425000190735,5076,5084,15725,2249,5076,5084,15725,2249,404240,242964,246036
UL_LAT_BD,2017-03-03 16:18:00.921835,2.57086968422,1.20106124878,0.0781881809235,0.422819375992,0.270658969879,0.0782520771027,0.164391279221,0.146052598953,0.0094153881073,0.0509133338928,0.0310308933258,0.0372333526611,0.245564222336,0.425191164017,5079,5087,15733,2250,5079,5087,15733,2250,404484,243104,246136
UL_LAT_BD,2017-03-03 16:18:01.023943,2.5718755722,1.20253658295,0.0782041549683,0.424129247665,0.270845890045,0.0783019065857,0.164521217346,0.147173643112,0.0099184513092,0.050927400589,0.0316259860992,0.0372333526611,0.245661020279,0.425234079361,5081,5089,15740,2251,5081,5089,15740,2251,404652,243200,246240
UL_LAT_BD,2017-03-03 16:18:01.125892,2.57287883759,1.20282626152,0.0782182216644,0.424238204956,0.270921707153,0.0783231258392,0.164567947388,0.147204875946,0.00992274284363,0.0509412288666,0.0316359996796,0.0372333526611,0.245770931244,0.425282001495,5083,5091,15749,2252,5083,5091,15749,2252,404804,243296,246364
UL_LAT_BD,2017-03-03 16:18:01.227901,2.57359552383,1.20310378075,0.0782313346863,0.424392223358,0.270999670029,0.07834815979,0.164613008499,0.147277832031,0.00992679595947,0.0509645938873,0.0316488742828,0.0372602939606,0.24583697319,0.425319910049,5085,5093,15755,2253,5085,5093,15755,2253,404956,243384,246444
DL_LAT_BD,2017-03-03 16:18:01.061854,103,0,0,0
UL_LAT_BD,2017-03-03 16:18:01.330102,2.57463812828,1.2034330368,0.0782573223114,0.424564361572,0.271122694016,0.0783848762512,0.1646900177,0.147325992584,0.00993204116821,0.0509843826294,0.0316662788391,0.0372602939606,0.245921373367,0.425356864929,5088,5096,15763,2254,5088,5096,15763,2254,405200,243532,246560
UL_LAT_BD,2017-03-03 16:18:01.431869,2.57562994957,1.20372915268,0.0782766342163,0.424697399139,0.271211624146,0.0784137248993,0.164743900299,0.147370100021,0.00993514060974,0.0510032176971,0.0316812992096,0.0372602939606,0.246020317078,0.425390720367,5090,5098,15771,2255,5090,5098,15771,2255,405352,243620,246660
UL_LAT_BD,2017-03-03 16:18:01.533941,2.57646393776,1.20399928093,0.0782935619354,0.424821376801,0.271302461624,0.078439950943,0.164799928665,0.147401094437,0.00993800163269,0.0510191917419,0.0316894054413,0.0372602939606,0.246097326279,0.425431728363,5092,5100,15778,2256,5092,5100,15778,2256,405520,243720,246760
UL_LAT_BD,2017-03-03 16:18:01.635872,2.57744693756,1.20448923111,0.0783395767212,0.425067424774,0.271459579468,0.0784640312195,0.164925098419,0.147487163544,0.00994205474854,0.0510513782501,0.0317010879517,0.0372931957245,0.246244192123,0.42547249794,5094,5102,15785,2257,5094,5102,15785,2257,405672,243812,246880
UL_LAT_BD,2017-03-03 16:18:01.737947,2.57874131203,1.20483255386,0.0783667564392,0.425237178802,0.27158164978,0.078498840332,0.16500043869,0.147531986237,0.0099470615387,0.0510692596436,0.0317149162292,0.0372931957245,0.24634885788,0.425503492355,5097,5105,15794,2258,5097,5105,15794,2258,405916,243952,246964
