UL_LAT_BD,2017-03-03 16:16:09.696941,1.31851267815,0.771801233292,0.0396618843079,0.219078302383,0.142786026001,0.0388233661652,0.0855531692505,0.0731768608093,0.00480890274048,0.0263056755066,0.0157935619354,0.0187973976135,0.131974220276,0.368191957474,2613,2607,8388,1147,2613,2607,8388,1147,207888,120416,120472
UL_LAT_BD,2017-03-03 16:16:09.799182,1.31936430931,0.772072076797,0.039678812027,0.219222545624,0.142893075943,0.0388672351837,0.0856051445007,0.0732107162476,0.00481295585632,0.0263206958771,0.0158035755157,0.0187973976135,0.132046222687,0.368221998215,2615,2609,8395,1148,2615,2609,8395,1148,208040,120504,120556
UL_LAT_BD,2017-03-03 16:16:09.900823,1.32022976875,0.772355079651,0.0396928787231,0.219352483749,0.142984867096,0.0389044284821,0.0856549739838,0.0732469558716,0.00481605529785,0.0263397693634,0.0158135890961,0.0187973976135,0.132140636444,0.368257045746,2617,2611,8402,1149,2617,2611,8402,1149,208192,120592,120660
UL_LAT_BD,2017-03-03 16:16:10.002988,1.32140278816,0.775254964828,0.0397219657898,0.219604492188,0.143124103546,0.038946390152,0.0857403278351,0.0733559131622,0.00482106208801,0.0263767242432,0.0158348083496,0.0188312530518,0.134703159332,0.368303060532,2620,2614,8409,1150,2620,2614,8409,1150,208436,120732,120780
UL_LAT_BD,2017-03-03 16:16:10.105040,1.32238841057,0.775567770004,0.0397388935089,0.219723463058,0.143211126328,0.038970708847,0.0857951641083,0.0733850002289,0.00482416152954,0.0263876914978,0.0158448219299,0.0188312530518,0.134828805923,0.368342161179,2622,2616,8417,1151,2622,2616,8417,1151,208604,120836,120904
UL_LAT_BD,2017-03-03 16:16:10.206936,1.32347035408,0.77583360672,0.0397579669952,0.219830513,0.14328289032,0.0389928817749,0.0858418941498,0.0734179019928,0.00482702255249,0.0264024734497,0.0158538818359,0.0188312530518,0.134925603867,0.368376255035,2624,2618,8424,1152,2624,2618,8424,1152,208756,120924,121004
DL_LAT_BD,2017-03-03 16:16:10.062737,103,0,0,0
UL_LAT_BD,2017-03-03 16:16:10.309051,1.32459211349,0.776248931885,0.0397799015045,0.220099449158,0.143447875977,0.0390527248383,0.0859367847443,0.0735177993774,0.00483202934265,0.0264377593994,0.0158758163452,0.018862247467,0.135005950928,0.368410110474,2627,2621,8430,1153,2627,2621,8430,1153,209000,121064,121108
UL_LAT_BD,2017-03-03 16:16:10.410817,1.32535052299,0.776504516602,0.0397937297821,0.220235586166,0.143528938293,0.0390765666962,0.0859878063202,0.0735700130463,0.00484204292297,0.0264627933502,0.0158879756927,0.018862247467,0.135070562363,0.368443012238,2629,2623,8436,1154,2629,2623,8436,1154,209152,121152,121208
UL_LAT_BD,2017-03-03 16:16:10.512981,1.32625794411,0.776765584946,0.0398087501526,0.220347642899,0.143608093262,0.039101600647,0.0860390663147,0.0735991001129,0.00484490394592,0.0264759063721,0.0158958435059,0.018862247467,0.13515663147,0.368482112885,2631,2625,8444,1155,2631,2625,8444,1155,209304,121240,121312
UL_LAT_BD,2017-03-03 16:16:10.615041,1.32729578018,0.777051687241,0.0398247241974,0.220467805862,0.143692016602,0.0391273498535,0.0860941410065,0.0736312866211,0.00484919548035,0.0264916419983,0.0159046649933,0.018862247467,0.13525557518,0.368520975113,2633,2627,8454,1156,2633,2627,8454,1156,209472,121336,121412
UL_LAT_BD,2017-03-03 16:16:10.716823,1.32835364342,0.777426481247,0.0398495197296,0.22068810463,0.143814086914,0.0391621589661,0.0861711502075,0.0737254619598,0.00485420227051,0.026522397995,0.0159237384796,0.0188941955566,0.135342597961,0.368556022644,2636,2630,8461,1157,2636,2630,8461,1157,209716,121476,121516
UL_LAT_BD,2017-03-03 16:16:10.819059,1.32917833328,0.777682542801,0.0398652553558,0.220812082291,0.143889188766,0.0391848087311,0.0862190723419,0.0737733840942,0.00485706329346,0.0265333652496,0.0159518718719,0.0188941955566,0.135413646698,0.368592977524,2638,2632,8468,1158,2638,2632,8468,1158,209868,121564,121616
UL_LAT_BD,2017-03-03 16:16:10.920877,1.33011221886,0.777944803238,0.0398833751678,0.22093296051,0.143973112106,0.039208650589,0.0862698554993,0.073807477951,0.00486040115356,0.0265512466431,0.0159618854523,0.0188941955566,0.135496377945,0.368626832962,2640,2634,8475,1159,2640,2634,8475,1159,210036,121660,121720
UL_LAT_BD,2017-03-03 16:16:11.022981,1.33126616478,0.77819776535,0.0399024486542,0.221041917801,0.144047260284,0.0392303466797,0.0863149166107,0.073840379715,0.0048623085022,0.0265672206879,0.0159728527069,0.0188941955566,0.135579586029,0.368661880493,2642,2636,8482,1160,2642,2636,8482,1160,210188,121748,121820
UL_LAT_BD,2017-03-03 16:16:11.125051,1.33251953125,0.778621912003,0.039924621582,0.221309185028,0.144200325012,0.0392725467682,0.0864119529724,0.0739514827728,0.00486826896667,0.0266041755676,0.0159976482391,0.0189251899719,0.135670661926,0.368695735931,2645,2639,8489,1161,2645,2639,8489,1161,210416,121888,121924
DL_LAT_BD,2017-03-03 16:16:11.062725,103,0,0,0
UL_LAT_BD,2017-03-03 16:16:11.226930,1.33348679543,0.778900623322,0.039942741394,0.221427202225,0.144287347794,0.039297580719,0.0864658355713,0.0739805698395,0.0048713684082,0.0266151428223,0.0160086154938,0.0189251899719,0.135759353638,0.368741750717,2647,2641,8497,1162,2647,2641,8497,1162,210584,121984,122024
UL_LAT_BD,2017-03-03 16:16:11.329056,1.33431315422,0.779211759567,0.0399577617645,0.221565246582,0.144379377365,0.0393235683441,0.0865218639374,0.0740246772766,0.00487542152405,0.0266370773315,0.016021490097,0.0189251899719,0.135857582092,0.368791818619,2649,2643,8503,1163,2649,2643,8503,1163,210736,122072,122128
UL_LAT_BD,2017-03-03 16:16:11.430815,1.33532309532,0.779670238495,0.0401237010956,0.221725940704,0.144464254379,0.039347410202,0.0865740776062,0.0740985870361,0.004878282547,0.026659488678,0.0160343647003,0.0189561843872,0.135946512222,0.36882686615,2651,2645,8510,1164,2651,2645,8510,1164,210904,122168,122228
UL_LAT_BD,2017-03-03 16:16:11.532985,1.33642864227,0.780026197433,0.0401537418365,0.221929311752,0.144609451294,0.0393855571747,0.0866706371307,0.074152469635,0.00488448143005,0.0266830921173,0.0160505771637,0.0189561843872,0.136016368866,0.368869781494,2654,2648,8516,1165,2654,2648,8516,1165,211132,122300,122332
UL_LAT_BD,2017-03-03 16:16:11.635049,1.33766674995,0.780360221863,0.0401728153229,0.22206735611,0.144708395004,0.0394163131714,0.0867307186127,0.0741875171661,0.0048885345459,0.0267009735107,0.0160593986511,0.0189561843872,0.13614821434,0.3689057827,2656,2650,8525,1166,2656,2650,8525,1166,211300,122396,122452
UL_LAT_BD,2017-03-03 16:16:11.736933,1.33879065514,0.780618906021,0.040189743042,0.222175359726,0.144779443741,0.0394370555878,0.0867755413055,0.0742235183716,0.00489163398743,0.0267188549042,0.0160694122314,0.0189561843872,0.136236429214,0.368939638138,2658,2652,8533,1167,2658,2652,8533,1167,211452,122484,122556
UL_LAT_BD,2017-03-03 16:16:11.837986,1.3399977684,0.781053781509,0.0402188301086,0.222453117371,0.14490032196,0.0394721031189,0.086850643158,0.0743763446808,0.00489568710327,0.026750087738,0.0160882472992,0.0190491676331,0.13631439209,0.368979692459,2661,2655,8541,1168,2661,2655,8541,1168,211696,122624,122656
UL_LAT_BD,2017-03-03 16:16:11.940907,1.34086608887,0.781322002411,0.0402338504791,0.222557067871,0.14497423172,0.0394952297211,0.0868964195251,0.0744054317474,0.00489902496338,0.0267610549927,0.0160982608795,0.0190491676331,0.136407613754,0.369026660919,2663,2657,8549,1169,2663,2657,8549,1169,211848,122712,122760
