UL_LAT_BD,2017-03-03 16:17:22.875800,2.15984845161,1.06035852432,0.0618019104004,0.357700824738,0.229406356812,0.0655994415283,0.138879776001,0.123157024384,0.00792121887207,0.0427927970886,0.0257833003998,0.0316581726074,0.210602998734,0.407144069672,4233,4241,13406,1877,4233,4241,13406,1877,337080,203052,206752
UL_LAT_BD,2017-03-03 16:17:22.977880,2.16068720818,1.0606200695,0.0618159770966,0.357836008072,0.229510545731,0.065637588501,0.138940095901,0.12318611145,0.00792527198792,0.0428056716919,0.0257914066315,0.0316581726074,0.210663318634,0.407185077667,4235,4243,13412,1878,4235,4243,13412,1878,337232,203172,206852
UL_LAT_BD,2017-03-03 16:17:23.080100,2.16187405586,1.06103372574,0.0618379116058,0.3580930233,0.229665756226,0.0656855106354,0.139038085938,0.123286008835,0.00793099403381,0.0428445339203,0.0258152484894,0.0316820144653,0.210751533508,0.407221078873,4238,4246,13420,1879,4238,4246,13420,1879,337476,203324,206956
DL_LAT_BD,2017-03-03 16:17:23.062004,103,8,0,0
UL_LAT_BD,2017-03-03 16:17:23.181893,2.16273617744,1.06130385399,0.0618569850922,0.358211994171,0.229757785797,0.0657103061676,0.139094114304,0.123310089111,0.00793409347534,0.0428533554077,0.0258243083954,0.0316820144653,0.210834741592,0.407262086868,4240,4248,13427,1880,4240,4248,13427,1880,337644,203424,207056
UL_LAT_BD,2017-03-03 16:17:23.284058,2.163636446,1.06158661842,0.0618739128113,0.35834479332,0.229851722717,0.0657396316528,0.1391518116,0.123344898224,0.0079391002655,0.0428671836853,0.0258364677429,0.0316820144653,0.210907697678,0.407314062119,4242,4250,13433,1881,4242,4250,13433,1881,337796,203512,207156
UL_LAT_BD,2017-03-03 16:17:23.385756,2.16480612755,1.06372475624,0.063711643219,0.358507871628,0.229977846146,0.065765619278,0.139245033264,0.123379945755,0.00794291496277,0.0428819656372,0.0258452892303,0.0316820144653,0.211000442505,0.407348155975,4244,4252,13441,1882,4244,4252,13441,1882,337948,203600,207256
UL_LAT_BD,2017-03-03 16:17:23.487963,2.1659989357,1.06413674355,0.0637345314026,0.358717679977,0.2301030159,0.0658009052277,0.139322519302,0.123460769653,0.00794672966003,0.0429122447968,0.0258643627167,0.0317039489746,0.211116552353,0.407398223877,4247,4255,13449,1883,4247,4255,13449,1883,338192,203740,207380
UL_LAT_BD,2017-03-03 16:17:23.590131,2.16687941551,1.06444954872,0.0637533664703,0.358870983124,0.230215072632,0.0658378601074,0.139389514923,0.123498439789,0.00795149803162,0.0429263114929,0.0258791446686,0.0317039489746,0.211199045181,0.407445192337,4249,4257,13455,1884,4249,4257,13455,1884,338360,203848,207496
UL_LAT_BD,2017-03-03 16:17:23.691833,2.16778659821,1.06468820572,0.0637755393982,0.35898900032,0.230289936066,0.0658619403839,0.13943529129,0.123540639877,0.00795483589172,0.0429511070251,0.0258872509003,0.0317039489746,0.21125626564,0.407477378845,4251,4259,13460,1885,4251,4259,13460,1885,338512,203936,207580
UL_LAT_BD,2017-03-03 16:17:23.793968,2.16882944107,1.06511282921,0.0637989044189,0.359246492386,0.230430364609,0.065904378891,0.139521598816,0.123653650284,0.00795960426331,0.0429892539978,0.0259118080139,0.0317389965057,0.211341619492,0.407526254654,4254,4262,13466,1886,4254,4262,13466,1886,338740,204068,207680
UL_LAT_BD,2017-03-03 16:17:23.896251,2.17020487785,1.06540107727,0.0638177394867,0.359374523163,0.230525493622,0.065940618515,0.139573574066,0.123685598373,0.00796246528625,0.0430014133453,0.0259246826172,0.0317389965057,0.21142911911,0.407571315765,4256,4264,13472,1887,4256,4264,13472,1887,338908,204164,207800
UL_LAT_BD,2017-03-03 16:17:23.997914,2.17115688324,1.06575083733,0.0638325214386,0.359545469284,0.230664491653,0.0660018920898,0.139636516571,0.123716592789,0.00796627998352,0.0430123806,0.0259346961975,0.0317389965057,0.21151137352,0.407643318176,4258,4266,13479,1888,4258,4266,13479,1888,339076,204292,207976
DL_LAT_BD,2017-03-03 16:17:24.011864,74,0,0,0
DL_LAT_BD,2017-03-03 16:17:24.061932,74,0,0,0
DL_LAT_BD,2017-03-03 16:17:24.061932,103,0,0,0
UL_LAT_BD,2017-03-03 16:17:24.100139,2.17255783081,1.06611013412,0.0638544559479,0.359711647034,0.230780601501,0.0660288333893,0.139717817307,0.123763799667,0.00796937942505,0.0430383682251,0.0259463787079,0.0317389965057,0.211637973785,0.407680273056,4260,4268,13488,1889,4260,4268,13488,1889,339260,204412,208084
UL_LAT_BD,2017-03-03 16:17:24.201900,2.17360663414,1.06656122208,0.0638875961304,0.35999584198,0.230928659439,0.0660741329193,0.139807462692,0.123897790909,0.00797533988953,0.0430638790131,0.0259644985199,0.0317759513855,0.211712121964,0.407729148865,4263,4271,13493,1890,4263,4271,13493,1890,339556,204588,208220
UL_LAT_BD,2017-03-03 16:17:24.304052,2.18046736717,1.06689071655,0.0639245510101,0.360140800476,0.231031656265,0.0661120414734,0.139866828918,0.123936891556,0.00798034667969,0.0430810451508,0.0259766578674,0.0317759513855,0.211794614792,0.407787084579,4265,4273,13500,1891,4265,4273,13500,1891,339708,204696,208352
DL_LAT_BD,2017-03-03 16:17:24.111924,531,0,0,0
DL_LAT_BD,2017-03-03 16:17:24.111924,693,0,0,0
DL_LAT_BD,2017-03-03 16:17:24.111924,108,0,0,0
UL_LAT_BD,2017-03-03 16:17:24.405760,2.18137335777,1.06719970703,0.0639517307281,0.360274553299,0.23113155365,0.0661401748657,0.139930963516,0.123967885971,0.00798344612122,0.0430932044983,0.0259876251221,0.0317759513855,0.211896419525,0.407821893692,4267,4275,13507,1892,4267,4275,13507,1892,339876,204792,208452
UL_LAT_BD,2017-03-03 16:17:24.507906,2.18231701851,1.06756830215,0.0639686584473,0.360459327698,0.231217384338,0.0661659240723,0.139986276627,0.124064922333,0.00798749923706,0.0431292057037,0.0260047912598,0.0318109989166,0.212018489838,0.407857894897,4269,4277,13514,1893,4269,4277,13514,1893,340028,204880,208556
UL_LAT_BD,2017-03-03 16:17:24.610106,2.18610644341,1.06794595718,0.0639946460724,0.360658407211,0.23135972023,0.0662064552307,0.140062332153,0.124114751816,0.00799417495728,0.0431523323059,0.0260207653046,0.0318109989166,0.212124109268,0.407892942429,4272,4280,13520,1894,4272,4280,13520,1894,340272,205020,208656
UL_LAT_BD,2017-03-03 16:17:24.711891,2.18694043159,1.06818056107,0.0640125274658,0.360766410828,0.231434583664,0.0662305355072,0.140109062195,0.124145746231,0.00799632072449,0.0431652069092,0.0260307788849,0.0318109989166,0.212191104889,0.407929897308,4274,4282,13526,1895,4274,4282,13526,1895,340424,205108,208756
UL_LAT_BD,2017-03-03 16:17:24.813948,2.18794727325,1.06846857071,0.0640285015106,0.360908508301,0.231533527374,0.0662615299225,0.140169143677,0.124185085297,0.00800061225891,0.0431849956512,0.0260419845581,0.0318109989166,0.212277889252,0.407963991165,4276,4284,13533,1896,4276,4284,13533,1896,340592,205204,208860
