UL_LAT_BD,2017-03-03 16:17:10.635756,2.02179741859,1.01516962051,0.0565316677094,0.334646463394,0.213246583939,0.0617711544037,0.127522230148,0.116589784622,0.00743794441223,0.040374994278,0.0242245197296,0.0302267074585,0.199843645096,0.402364492416,3962,3970,12666,1757,3962,3970,12666,1757,315460,190276,194112
UL_LAT_BD,2017-03-03 16:17:10.737876,2.02300167084,1.01545095444,0.05655169487,0.334760427475,0.213324546814,0.0617940425873,0.127569198608,0.116623878479,0.00744104385376,0.0403907299042,0.0242345333099,0.0302267074585,0.199937820435,0.402409315109,3964,3972,12674,1758,3964,3972,12674,1758,315612,190364,194252
UL_LAT_BD,2017-03-03 16:17:10.840100,2.02415204048,1.01582074165,0.0565755367279,0.334965467453,0.213437795639,0.0618302822113,0.127641439438,0.116713762283,0.00744581222534,0.0404167175293,0.0242545604706,0.0302577018738,0.200035333633,0.402443170547,3967,3975,12682,1759,3967,3975,12682,1759,315840,190496,194352
UL_LAT_BD,2017-03-03 16:17:10.941847,2.02513766289,1.01610064507,0.0565955638885,0.335080385208,0.213524580002,0.0618553161621,0.127694368362,0.116740942001,0.00744771957397,0.040424823761,0.0242655277252,0.0302577018738,0.200132369995,0.402479171753,3969,3977,12690,1760,3969,3977,12690,1760,316008,190592,194456
UL_LAT_BD,2017-03-03 16:17:11.044058,2.02624249458,1.01639032364,0.056613445282,0.335204362869,0.213612556458,0.0618824958801,0.127748250961,0.116775989532,0.00745177268982,0.040442943573,0.0242755413055,0.0302577018738,0.200232982635,0.402516365051,3971,3979,12698,1761,3971,3979,12698,1761,316176,190688,194560
UL_LAT_BD,2017-03-03 16:17:11.145752,2.02708864212,1.01663827896,0.0566272735596,0.335320234299,0.213691711426,0.0619077682495,0.127798318863,0.116809844971,0.00745368003845,0.0404591560364,0.0242855548859,0.0302577018738,0.200309276581,0.402551412582,3973,3981,12704,1762,3973,3981,12704,1762,316328,190784,194664
DL_LAT_BD,2017-03-03 16:17:11.061929,103,0,0,0
UL_LAT_BD,2017-03-03 16:17:11.247898,2.02818489075,1.01701807976,0.0566489696503,0.335550069809,0.213834762573,0.0619466304779,0.12789273262,0.116892814636,0.00745844841003,0.0404860973358,0.0243039131165,0.0302855968475,0.200394392014,0.402586460114,3976,3984,12710,1763,3976,3984,12710,1763,316572,190924,194764
UL_LAT_BD,2017-03-03 16:17:11.350101,2.02986621857,1.01728606224,0.0566651821136,0.335660934448,0.2139108181,0.06196641922,0.127939462662,0.116924762726,0.00746035575867,0.0404992103577,0.0243148803711,0.0302855968475,0.200479507446,0.402636528015,3978,3986,12717,1764,3978,3986,12717,1764,316724,191012,194868
UL_LAT_BD,2017-03-03 16:17:11.451843,2.03098607063,1.01755666733,0.0566861629486,0.335783720016,0.213997840881,0.0619914531708,0.127994775772,0.11695766449,0.00746321678162,0.040515422821,0.0243258476257,0.0302855968475,0.200561285019,0.402673482895,3980,3988,12724,1765,3980,3988,12724,1765,316892,191108,194968
UL_LAT_BD,2017-03-03 16:17:11.553959,2.03288006783,1.01802372932,0.0567493438721,0.33605670929,0.214154958725,0.0620310306549,0.128101110458,0.117071390152,0.00747203826904,0.0405533313751,0.0243496894836,0.0303206443787,0.200647592545,0.402708292007,3983,3991,12730,1766,3983,3991,12730,1766,317120,191240,195072
UL_LAT_BD,2017-03-03 16:17:11.655877,2.03652238846,1.01832842827,0.0567743778229,0.336193799973,0.214255809784,0.0620629787445,0.128163814545,0.117103338242,0.00747585296631,0.0405652523041,0.0243608951569,0.0303206443787,0.200742483139,0.402747392654,3985,3993,12737,1767,3985,3993,12737,1767,317288,191336,195192
UL_LAT_BD,2017-03-03 16:17:11.757904,2.03741455078,1.0186226368,0.0568015575409,0.336309909821,0.214334011078,0.062087059021,0.128212690353,0.117138147354,0.00747966766357,0.0405814647675,0.0243709087372,0.0303206443787,0.20083117485,0.402802467346,3987,3995,12744,1768,3987,3995,12744,1768,317440,191424,195296
UL_LAT_BD,2017-03-03 16:17:11.860004,2.03835463524,1.01942968369,0.0568175315857,0.336433887482,0.214421272278,0.0621123313904,0.128265857697,0.117172956467,0.00748252868652,0.0405986309052,0.0243809223175,0.0303206443787,0.201458215714,0.402832269669,3989,3997,12752,1769,3989,3997,12752,1769,317608,191520,195380
UL_LAT_BD,2017-03-03 16:17:11.961916,2.03953266144,1.02001857758,0.0568413734436,0.336651802063,0.214549303055,0.0621495246887,0.12834405899,0.117260932922,0.00748729705811,0.0406277179718,0.0244009494781,0.0303466320038,0.201556444168,0.402869462967,3992,4000,12759,1770,3992,4000,12759,1770,317852,191660,195504
UL_LAT_BD,2017-03-03 16:17:12.064058,2.04044222832,1.0202665329,0.0568563938141,0.336756706238,0.214623451233,0.0621726512909,0.128391027451,0.11728978157,0.00749015808105,0.0406386852264,0.0244109630585,0.0303466320038,0.201641559601,0.402903556824,3994,4002,12766,1771,3994,4002,12766,1771,318004,191748,195608
DL_LAT_BD,2017-03-03 16:17:12.061965,103,0,0,0
UL_LAT_BD,2017-03-03 16:17:12.165859,2.04124403,1.02051520348,0.0568702220917,0.336869716644,0.214699268341,0.062196969986,0.128436803818,0.117324829102,0.00749206542969,0.0406546592712,0.0244221687317,0.0303466320038,0.201720714569,0.402937412262,3996,4004,12773,1772,3996,4004,12773,1772,318156,191844,195712
UL_LAT_BD,2017-03-03 16:17:12.267904,2.04221773148,1.02089619637,0.056889295578,0.337121725082,0.214804172516,0.0622310638428,0.128499984741,0.117469072342,0.00749611854553,0.0407376289368,0.024435043335,0.0303866863251,0.20179271698,0.402969360352,3998,4006,12778,1773,3998,4006,12778,1773,318324,191944,195792
UL_LAT_BD,2017-03-03 16:17:12.370099,2.04322957993,1.02123045921,0.0569171905518,0.337296485901,0.214932203293,0.062272310257,0.128577709198,0.117513895035,0.0074999332428,0.0407576560974,0.0244469642639,0.0303866863251,0.2018430233,0.403041362762,4001,4009,12782,1774,4001,4009,12782,1774,318568,192088,195912
UL_LAT_BD,2017-03-03 16:17:12.471252,2.04402565956,1.02148532867,0.0569310188293,0.337413311005,0.215009212494,0.0622961521149,0.128625869751,0.117549657822,0.00750279426575,0.0407726764679,0.0244588851929,0.0303866863251,0.201925039291,0.403077363968,4003,4011,12787,1775,4003,4011,12787,1775,318720,192176,196012
UL_LAT_BD,2017-03-03 16:17:12.573953,2.04485964775,1.02172160149,0.0569448471069,0.33752322197,0.215085029602,0.0623211860657,0.128671884537,0.117581605911,0.00750660896301,0.0407876968384,0.0244677066803,0.0303866863251,0.201995134354,0.40311050415,4005,4013,12793,1776,4005,4013,12793,1776,318872,192264,196112
