UL_LAT_BD,2017-03-03 16:14:59.622976,0.538618087769,0.18965959549,0.0173399448395,0.0893821716309,0.0598886013031,0.0169625282288,0.0354835987091,0.0283262729645,0.00176310539246,0.00961256027222,0.00646615028381,0.00749564170837,0.0586757659912,0.0186674594879,1047,1043,3314,460,1047,1043,3314,460,83128,48208,48456
UL_LAT_BD,2017-03-03 16:14:59.725060,0.539572000504,0.189952373505,0.0173537731171,0.0895280838013,0.0599775314331,0.0169866085052,0.0355405807495,0.0283803939819,0.00176620483398,0.00963234901428,0.00647830963135,0.00749564170837,0.0587658882141,0.0187003612518,1049,1045,3322,461,1049,1045,3322,461,83280,48296,48556
UL_LAT_BD,2017-03-03 16:14:59.826922,0.540442943573,0.190369844437,0.0174305438995,0.0897521972656,0.0600657463074,0.0170137882233,0.0355951786041,0.0285143852234,0.00176930427551,0.00965523719788,0.00649237632751,0.00758481025696,0.0588366985321,0.0187404155731,1051,1047,3327,462,1051,1047,3327,462,83448,48392,48660
UL_LAT_BD,2017-03-03 16:14:59.929049,0.542575359344,0.190833091736,0.0174548625946,0.0899431705475,0.0602016448975,0.0170569419861,0.0356810092926,0.0285637378693,0.00177454948425,0.00967597961426,0.00651144981384,0.00758481025696,0.05903840065,0.0187764167786,1054,1050,3334,463,1054,1050,3334,463,83692,48532,48780
UL_LAT_BD,2017-03-03 16:15:00.030754,0.54354929924,0.191096067429,0.0174691677094,0.0900492668152,0.0602707862854,0.0170800685883,0.0357246398926,0.0285997390747,0.00177645683289,0.00969219207764,0.0065233707428,0.00758481025696,0.059136390686,0.0188133716583,1056,1052,3343,464,1056,1052,3343,464,83844,48620,48884
DL_LAT_BD,2017-03-03 16:15:00.061926,103,0,3,0
UL_LAT_BD,2017-03-03 16:15:00.132977,0.544386386871,0.19135427475,0.0174810886383,0.0901782512665,0.060341835022,0.0171031951904,0.0357685089111,0.0286576747894,0.00177884101868,0.00970911979675,0.00653529167175,0.00760674476624,0.0592098236084,0.0188462734222,1058,1054,3351,465,1058,1054,3351,465,83996,48716,48984
UL_LAT_BD,2017-03-03 16:15:00.234046,0.545296907425,0.191644906998,0.0174951553345,0.0902862548828,0.0604157447815,0.0171220302582,0.0358145236969,0.0286917686462,0.00178289413452,0.00972485542297,0.00654530525208,0.00760674476624,0.0593128204346,0.0189023017883,1060,1056,3358,466,1060,1056,3358,466,84148,48804,49088
UL_LAT_BD,2017-03-03 16:15:00.336912,0.546355009079,0.1919734478,0.0175204277039,0.0904712677002,0.0605485439301,0.0171599388123,0.0359003543854,0.0287399291992,0.00178718566895,0.00974607467651,0.00656008720398,0.00760674476624,0.0593783855438,0.0189461708069,1063,1059,3364,467,1063,1059,3364,467,84392,48944,49188
UL_LAT_BD,2017-03-03 16:15:00.439047,0.547272920609,0.192214727402,0.0175347328186,0.0905773639679,0.0606217384338,0.0171818733215,0.0359454154968,0.0287728309631,0.00179004669189,0.00976014137268,0.0065701007843,0.00760674476624,0.0594520568848,0.018984079361,1065,1061,3371,468,1065,1061,3371,468,84544,49032,49292
UL_LAT_BD,2017-03-03 16:15:00.540859,0.548151016235,0.192513942719,0.0175507068634,0.0907254219055,0.0607018470764,0.0172052383423,0.0359952449799,0.0288388729095,0.00179219245911,0.00977778434753,0.00658321380615,0.00763154029846,0.0595269203186,0.0190360546112,1067,1063,3378,469,1067,1063,3378,469,84712,49128,49392
UL_LAT_BD,2017-03-03 16:15:00.642967,0.549780845642,0.193345308304,0.0175647735596,0.0908813476562,0.0608217716217,0.0172452926636,0.0360722541809,0.0288708209991,0.00179600715637,0.00978970527649,0.00659537315369,0.00763154029846,0.0601470470428,0.0190691947937,1069,1065,3386,470,1069,1065,3386,470,84864,49216,49496
UL_LAT_BD,2017-03-03 16:15:00.745087,0.550794124603,0.193763017654,0.0175874233246,0.0910804271698,0.0609667301178,0.0173017978668,0.0361502170563,0.0289237499237,0.00180006027222,0.00981378555298,0.00660943984985,0.00763154029846,0.0602927207947,0.0191051959991,1072,1068,3394,471,1072,1068,3394,471,85108,49356,49616
UL_LAT_BD,2017-03-03 16:15:00.846920,0.551639795303,0.194097042084,0.0176432132721,0.0912356376648,0.0610437393188,0.0173258781433,0.0362012386322,0.0290009975433,0.00180339813232,0.00983572006226,0.00662159919739,0.00766158103943,0.060373544693,0.0191371440887,1074,1070,3402,472,1074,1070,3402,472,85260,49444,49720
UL_LAT_BD,2017-03-03 16:15:00.949173,0.552556753159,0.19435095787,0.0176572799683,0.0913586616516,0.0611326694489,0.0173590183258,0.0362522602081,0.0290331840515,0.00180625915527,0.00984978675842,0.00663042068481,0.00766158103943,0.0604481697083,0.0191702842712,1076,1072,3410,473,1076,1072,3410,473,85428,49540,49820
UL_LAT_BD,2017-03-03 16:15:01.050764,0.553483963013,0.194578886032,0.0176732540131,0.0914585590363,0.0612027645111,0.0173785686493,0.0362954139709,0.029060125351,0.0018093585968,0.00986075401306,0.00664043426514,0.00766158103943,0.0605192184448,0.0192024707794,1078,1074,3417,474,1078,1074,3417,474,85580,49628,49924
UL_LAT_BD,2017-03-03 16:15:01.152966,0.55517411232,0.1949634552,0.0177631378174,0.0916254520416,0.0613214969635,0.0174102783203,0.0363743305206,0.0291063785553,0.00181460380554,0.00988483428955,0.00665259361267,0.00766158103943,0.0605943202972,0.019243478775,1081,1077,3423,475,1081,1077,3423,475,85808,49768,50024
UL_LAT_BD,2017-03-03 16:15:01.255062,0.555986881256,0.195590734482,0.0179011821747,0.0919137001038,0.0614275932312,0.0174403190613,0.0364396572113,0.0292065143585,0.00181984901428,0.00991368293762,0.00667572021484,0.00769853591919,0.060747385025,0.0192806720734,1083,1079,3430,476,1083,1079,3430,476,85976,49864,50148
DL_LAT_BD,2017-03-03 16:15:01.062103,103,0,0,0
UL_LAT_BD,2017-03-03 16:15:01.356917,0.556926965714,0.195880889893,0.0179142951965,0.0920457839966,0.0615248680115,0.0174643993378,0.0365045070648,0.0292384624481,0.00182366371155,0.00992679595947,0.00668787956238,0.00769853591919,0.0608534812927,0.0193104743958,1085,1081,3437,477,1085,1081,3437,477,86128,49952,50248
UL_LAT_BD,2017-03-03 16:15:01.459053,0.558048725128,0.196313619614,0.0179405212402,0.092221736908,0.061646938324,0.0175020694733,0.0365805625916,0.0292882919312,0.00182890892029,0.0099515914917,0.00670480728149,0.00769853591919,0.0610389709473,0.0193445682526,1088,1084,3444,478,1088,1084,3444,478,86372,50092,50352
UL_LAT_BD,2017-03-03 16:15:01.560916,0.558857917786,0.196681022644,0.0179553031921,0.0924577713013,0.0617327690125,0.0175206661224,0.0366418361664,0.0293774604797,0.00183176994324,0.00999045372009,0.00672006607056,0.00772356987,0.0611109733582,0.0193796157837,1090,1086,3451,479,1090,1086,3451,479,86524,50180,50452
UL_LAT_BD,2017-03-03 16:15:01.662966,0.55988907814,0.197028636932,0.0180263519287,0.0925736427307,0.061815738678,0.0175445079803,0.0366947650909,0.0294094085693,0.00183486938477,0.0100061893463,0.00673007965088,0.00772356987,0.0612192153931,0.0194206237793,1092,1088,3459,480,1092,1088,3459,480,86692,50276,50556
UL_LAT_BD,2017-03-03 16:15:01.765115,0.56082034111,0.197290420532,0.0180432796478,0.0926916599274,0.0618968009949,0.0175683498383,0.0367436408997,0.0294432640076,0.00183868408203,0.0100221633911,0.00674223899841,0.00772356987,0.0613067150116,0.0194497108459,1094,1090,3468,481,1094,1090,3468,481,86844,50364,50640
