UL_LAT_BD,2017-03-03 16:15:06.355055,0.609099626541,0.530014753342,0.0192019939423,0.0996425151825,0.0663728713989,0.0189485549927,0.0395109653473,0.031806230545,0.00209903717041,0.0109045505524,0.00730061531067,0.00812458992004,0.0660405158997,0.338804483414,1196,1192,3792,526,1196,1192,3792,526,95136,55128,55444
UL_LAT_BD,2017-03-03 16:15:06.456898,0.610270261765,0.530537605286,0.0192248821259,0.100000619888,0.0664820671082,0.018979549408,0.0395801067352,0.0320501327515,0.00210285186768,0.0109267234802,0.00737953186035,0.00825452804565,0.0661323070526,0.338845491409,1199,1195,3800,527,1199,1195,3800,527,95364,55260,55544
UL_LAT_BD,2017-03-03 16:15:06.559048,0.611237287521,0.53101348877,0.0192396640778,0.100335597992,0.0665650367737,0.0190043449402,0.0396311283112,0.032299041748,0.00210571289062,0.0109462738037,0.00741815567017,0.00843358039856,0.0662105083466,0.338887453079,1201,1197,3807,528,1201,1197,3807,528,95516,55348,55648
UL_LAT_BD,2017-03-03 16:15:06.660898,0.612095355988,0.531265974045,0.0192549228668,0.100437641144,0.0666360855103,0.0190253257751,0.0396749973297,0.032329082489,0.00210881233215,0.0109553337097,0.00743222236633,0.00843358039856,0.0662989616394,0.338925600052,1203,1199,3814,529,1203,1199,3814,529,95668,55436,55748
UL_LAT_BD,2017-03-03 16:15:06.762880,0.612962961197,0.531536817551,0.0192697048187,0.10055065155,0.0667238235474,0.0190532207489,0.0397305488586,0.0323522090912,0.00211191177368,0.0109622478485,0.00744223594666,0.00843358039856,0.0663895606995,0.33896780014,1205,1201,3823,530,1205,1201,3823,530,95836,55532,55852
UL_LAT_BD,2017-03-03 16:15:06.865008,0.614093542099,0.531927585602,0.0192956924438,0.100765705109,0.0668866634369,0.0191123485565,0.0398211479187,0.0324001312256,0.00211882591248,0.010977268219,0.00746154785156,0.00843358039856,0.066483259201,0.339001893997,1208,1204,3831,531,1208,1204,3831,531,96080,55672,55952
UL_LAT_BD,2017-03-03 16:15:06.966926,0.615048646927,0.532244920731,0.0193099975586,0.100910902023,0.0669648647308,0.0191330909729,0.0398690700531,0.0324630737305,0.002121925354,0.010995388031,0.00747656822205,0.00845551490784,0.0665814876556,0.339054822922,1210,1206,3839,532,1210,1206,3839,532,96232,55760,56056
UL_LAT_BD,2017-03-03 16:15:07.069046,0.616705417633,0.532558441162,0.0193288326263,0.101042985916,0.0670557022095,0.0191569328308,0.0399248600006,0.0325012207031,0.00212526321411,0.0110132694244,0.007488489151,0.00845551490784,0.0666873455048,0.33910369873,1212,1208,3847,533,1212,1208,3847,533,96400,55856,56160
UL_LAT_BD,2017-03-03 16:15:07.170863,0.617490053177,0.532786607742,0.0193428993225,0.101144075394,0.067126750946,0.0191786289215,0.0399689674377,0.0325284004211,0.00212836265564,0.0110232830048,0.00749754905701,0.00845551490784,0.0667624473572,0.339134693146,1214,1210,3854,534,1214,1210,3854,534,96552,55952,56260
DL_LAT_BD,2017-03-03 16:15:07.062034,103,8,0,0
UL_LAT_BD,2017-03-03 16:15:07.272901,0.618389368057,0.533076524734,0.0193638801575,0.101318120956,0.0672528743744,0.0192134380341,0.040050983429,0.032573223114,0.00213408470154,0.0110464096069,0.00750851631165,0.00845551490784,0.066819190979,0.339165687561,1217,1213,3859,535,1217,1213,3859,535,96780,56084,56360
UL_LAT_BD,2017-03-03 16:15:07.375102,0.619369029999,0.533377408981,0.0193786621094,0.101468324661,0.0673348903656,0.0192365646362,0.040100812912,0.0326390266418,0.00213718414307,0.0110671520233,0.00752377510071,0.00847840309143,0.0669138431549,0.339200735092,1219,1215,3868,536,1219,1215,3868,536,96948,56180,56484
UL_LAT_BD,2017-03-03 16:15:07.476975,0.620162010193,0.533604860306,0.019392490387,0.101570367813,0.0674030780792,0.0192589759827,0.0401437282562,0.0326669216156,0.0021390914917,0.0110774040222,0.00753474235535,0.00847840309143,0.0669848918915,0.339232683182,1221,1217,3874,537,1221,1217,3874,537,97100,56268,56584
UL_LAT_BD,2017-03-03 16:15:07.579060,0.621435880661,0.534053564072,0.0194203853607,0.101761341095,0.0675430297852,0.019296169281,0.0402364730835,0.0327141284943,0.00214433670044,0.0110983848572,0.00755071640015,0.00847840309143,0.0671038627625,0.339333772659,1224,1220,3881,538,1224,1220,3881,538,97344,56408,56688
UL_LAT_BD,2017-03-03 16:15:07.680006,0.622368097305,0.534410476685,0.0194385051727,0.101909637451,0.0676231384277,0.0193195343018,0.0402853488922,0.0327792167664,0.00214672088623,0.0111203193665,0.00756478309631,0.00850129127502,0.0672554969788,0.339366912842,1226,1222,3888,539,1226,1222,3888,539,97512,56504,56788
UL_LAT_BD,2017-03-03 16:15:07.782955,0.62317276001,0.534667015076,0.0194697380066,0.102011680603,0.0676913261414,0.0193405151367,0.0403275489807,0.0328102111816,0.00214886665344,0.0111343860626,0.00757384300232,0.00850129127502,0.0673384666443,0.339398860931,1228,1224,3896,540,1228,1224,3896,540,97664,56592,56892
UL_LAT_BD,2017-03-03 16:15:07.885014,0.623994827271,0.534902572632,0.0194845199585,0.102116584778,0.0677642822266,0.0193622112274,0.0403726100922,0.0328392982483,0.00215196609497,0.011146068573,0.00758361816406,0.00850129127502,0.0674133300781,0.339431762695,1230,1226,3902,541,1230,1226,3902,541,97816,56680,56992
UL_LAT_BD,2017-03-03 16:15:07.986931,0.625154972076,0.53525185585,0.0195105075836,0.102291584015,0.0678882598877,0.0193972587585,0.0404486656189,0.0328884124756,0.00215792655945,0.0111701488495,0.00759768486023,0.00850129127502,0.0675184726715,0.339465856552,1233,1229,3911,542,1233,1229,3911,542,98060,56820,57096
UL_LAT_BD,2017-03-03 16:15:08.089049,0.626235961914,0.535609006882,0.0195276737213,0.102468729019,0.0679743289948,0.019424200058,0.0405025482178,0.0329763889313,0.0021607875824,0.0111961364746,0.00761365890503,0.00853633880615,0.0676395893097,0.339499950409,1235,1231,3920,543,1235,1231,3920,543,98212,56916,57200
DL_LAT_BD,2017-03-03 16:15:08.062061,103,0,0,0
UL_LAT_BD,2017-03-03 16:15:08.190880,0.627048254013,0.535862207413,0.0195424556732,0.10259103775,0.0680644512177,0.0194556713104,0.0405559539795,0.0330073833466,0.00216484069824,0.0112082958221,0.00762248039246,0.00853633880615,0.0677168369293,0.339532852173,1237,1233,3927,544,1237,1233,3927,544,98364,57004,57304
UL_LAT_BD,2017-03-03 16:15:08.292973,0.627806425095,0.536100149155,0.0195572376251,0.102709054947,0.0681464672089,0.0194809436798,0.0406098365784,0.0330414772034,0.00216889381409,0.0112264156342,0.00763249397278,0.00853633880615,0.0677819252014,0.339565992355,1239,1235,3933,545,1239,1235,3933,545,98532,57100,57404
DL_LAT_BD,2017-03-03 16:14:41.961826,86,0,0,0
UL_LAT_BD,2017-03-03 16:15:08.395055,0.629385709763,0.536598205566,0.0195822715759,0.103045940399,0.0682864189148,0.0195214748383,0.040694475174,0.0332305431366,0.00218081474304,0.0112726688385,0.00765442848206,0.00863528251648,0.0678706169128,0.339598894119,1243,1240,3941,546,1243,1240,3941,546,98832,57312,57512
DL_LAT_BD,2017-03-03 16:15:08.362082,18,0,0,0
UL_LAT_BD,2017-03-03 16:15:08.496915,0.630177736282,0.536836385727,0.0195953845978,0.103147983551,0.0683541297913,0.0195415019989,0.0407364368439,0.0332615375519,0.00218391418457,0.011287689209,0.00766348838806,0.00863528251648,0.0679569244385,0.339627742767,1245,1242,3948,547,1245,1242,3948,547,98984,57400,57596
UL_LAT_BD,2017-03-03 16:15:08.599055,0.631110429764,0.537103176117,0.0196163654327,0.103254079819,0.0684282779694,0.0195622444153,0.0407814979553,0.0332925319672,0.00218868255615,0.0113008022308,0.00767254829407,0.00863528251648,0.0680408477783,0.339674949646,1247,1244,3955,548,1247,1244,3955,548,99136,57488,57720
