UL_LAT_BD,2017-03-03 16:18:12.265084,2.70731329918,1.25022888184,0.0822002887726,0.451119422913,0.287707090378,0.084107875824,0.174131155014,0.157020568848,0.0103802680969,0.052930355072,0.0332109928131,0.0412578582764,0.253962516785,0.432664394379,5335,5342,16363,2368,5335,5342,16363,2368,424880,260056,266844
UL_LAT_BD,2017-03-03 16:18:12.330117,2.70778226852,1.25040841103,0.0822072029114,0.451163291931,0.287733078003,0.0841264724731,0.174132108688,0.157036542892,0.0103821754456,0.0529375076294,0.0332159996033,0.0412578582764,0.253971338272,0.432782411575,5336,5343,16364,2369,5336,5343,16364,2369,424956,260120,267240
DL_LAT_BD,2017-03-03 16:18:12.112728,103,0,1,0
UL_LAT_BD,2017-03-03 16:18:12.369070,2.7084171772,1.25075650215,0.0822153091431,0.451382398605,0.287909030914,0.0842640399933,0.174150943756,0.157079696655,0.0103831291199,0.0529675483704,0.0332250595093,0.0412578582764,0.253971338272,0.432900428772,5337,5344,16364,2370,5337,5344,16364,2370,425048,260456,267640
UL_LAT_BD,2017-03-03 16:18:12.399062,2.70901823044,1.25108766556,0.0822212696075,0.451591253281,0.28809595108,0.0844073295593,0.174163818359,0.15710067749,0.0103852748871,0.0529804229736,0.0332300662994,0.0412578582764,0.253971338272,0.433013439178,5338,5345,16364,2371,5338,5345,16364,2371,425124,260772,268032
UL_LAT_BD,2017-03-03 16:18:12.428944,2.70922136307,1.25121355057,0.0822212696075,0.451591253281,0.28809595108,0.0844073295593,0.174163818359,0.15710067749,0.0103852748871,0.0529804229736,0.0332300662994,0.0412578582764,0.253971338272,0.433138370514,5338,5345,16364,2372,5338,5345,16364,2372,425124,260772,268428
UL_LAT_BD,2017-03-03 16:18:12.531889,2.71062064171,1.25220251083,0.082248210907,0.452371120453,0.288833856583,0.08460521698,0.174643993378,0.157140731812,0.0103914737701,0.0529944896698,0.0332441329956,0.0412578582764,0.254039049149,0.433244466782,5341,5348,16369,2373,5341,5348,16369,2373,425368,261296,268824
UL_LAT_BD,2017-03-03 16:18:12.634013,2.71150445938,1.25244832039,0.0822641849518,0.452475070953,0.288907766342,0.0846269130707,0.174690008163,0.157170772552,0.0103945732117,0.0530054569244,0.0332541465759,0.0412578582764,0.254122972488,0.433277368546,5343,5350,16377,2374,5343,5350,16377,2374,425520,261384,268928
UL_LAT_BD,2017-03-03 16:18:12.735827,2.71231627464,1.25275564194,0.0822772979736,0.452628135681,0.2890188694,0.0846512317657,0.174772024155,0.157210826874,0.0103986263275,0.0530261993408,0.0332672595978,0.0412578582764,0.254207134247,0.433326482773,5345,5352,16383,2375,5345,5352,16383,2375,425672,261472,269028
UL_LAT_BD,2017-03-03 16:18:12.803053,2.71323895454,1.25316882133,0.0822913646698,0.45285820961,0.289216756821,0.0847313404083,0.174867153168,0.157241106033,0.0104007720947,0.0530369281769,0.0332794189453,0.0412578582764,0.2542552948,0.433439493179,5347,5354,16388,2376,5347,5354,16388,2376,425840,261704,269440
UL_LAT_BD,2017-03-03 16:18:12.903369,2.71426439285,1.25359010696,0.0823073387146,0.453086137772,0.289415836334,0.0848286151886,0.174947738647,0.157267093658,0.0104048252106,0.0530467033386,0.033287525177,0.0412578582764,0.254309654236,0.433554410934,5349,5356,16393,2377,5349,5356,16393,2377,426008,261920,269864
UL_LAT_BD,2017-03-03 16:18:12.929098,2.71448159218,1.25370407104,0.0823073387146,0.453086137772,0.289415836334,0.0848286151886,0.174947738647,0.157267093658,0.0104048252106,0.0530467033386,0.033287525177,0.0412578582764,0.254309654236,0.433667421341,5349,5356,16393,2378,5349,5356,16393,2378,426008,261920,270256
UL_LAT_BD,2017-03-03 16:18:13.030820,2.7164580822,1.25441789627,0.0823295116425,0.453616142273,0.289884805679,0.0850436687469,0.175154685974,0.157325029373,0.0104117393494,0.0530767440796,0.0333025455475,0.0412578582764,0.254347324371,0.433788537979,5352,5359,16396,2379,5352,5359,16396,2379,426252,262456,270652
UL_LAT_BD,2017-03-03 16:18:13.131937,2.71727252007,1.25479674339,0.0823423862457,0.453826189041,0.290035009384,0.0850968360901,0.175238847733,0.157383918762,0.0104146003723,0.0530917644501,0.0333144664764,0.0412819385529,0.2543861866,0.43390250206,5354,5361,16400,2380,5354,5361,16400,2380,426404,262628,271076
UL_LAT_BD,2017-03-03 16:18:13.234011,2.71819162369,1.25521588326,0.0823564529419,0.454087257385,0.290269851685,0.0851964950562,0.175359249115,0.157408952713,0.0104165077209,0.0530986785889,0.0333244800568,0.0412819385529,0.254444122314,0.433980464935,5356,5363,16405,2381,5356,5363,16405,2381,426556,262888,271356
DL_LAT_BD,2017-03-03 16:18:13.062988,103,0,0,0
UL_LAT_BD,2017-03-03 16:18:13.335752,2.71928977966,1.25553154945,0.0823745727539,0.45423412323,0.290381669998,0.0852255821228,0.175429344177,0.157441854477,0.0104203224182,0.0531117916107,0.03333735466,0.0412819385529,0.25454211235,0.43402338028,5358,5365,16412,2382,5358,5365,16412,2382,426724,262984,271456
UL_LAT_BD,2017-03-03 16:18:13.437942,2.72057414055,1.25596904755,0.0823972225189,0.454455137253,0.290511846542,0.0852663516998,0.175507307053,0.157529592514,0.0104250907898,0.0531339645386,0.0333564281464,0.041316986084,0.254679918289,0.434066295624,5361,5368,16422,2383,5361,5368,16422,2383,426952,263136,271596
UL_LAT_BD,2017-03-03 16:18:13.540104,2.72142004967,1.25622987747,0.082414150238,0.454574108124,0.290591001511,0.0852963924408,0.175549983978,0.157568454742,0.0104310512543,0.0531489849091,0.0333683490753,0.041316986084,0.254754066467,0.434106349945,5363,5370,16429,2384,5363,5370,16429,2384,427104,263232,271708
UL_LAT_BD,2017-03-03 16:18:13.641818,2.72249698639,1.25654983521,0.08243227005,0.454720973969,0.290705919266,0.0853323936462,0.175621032715,0.157598495483,0.0104341506958,0.053160905838,0.03337931633,0.041316986084,0.254843235016,0.434161424637,5365,5372,16437,2385,5365,5372,16437,2385,427272,263352,271900
UL_LAT_BD,2017-03-03 16:18:13.675123,2.72307705879,1.25756263733,0.0824410915375,0.454843997955,0.290802955627,0.0853893756866,0.175646781921,0.157622337341,0.0104360580444,0.0531740188599,0.0333852767944,0.041316986084,0.254843235016,0.435040235519,5366,5373,16437,2386,5366,5373,16437,2386,427348,263476,272292
UL_LAT_BD,2017-03-03 16:18:13.752878,2.72432327271,1.25847649574,0.0824801921844,0.455459833145,0.291374206543,0.0856213569641,0.175941228867,0.157665014267,0.0104429721832,0.0531911849976,0.0333962440491,0.041316986084,0.254895925522,0.435178279877,5368,5375,16441,2387,5368,5375,16441,2387,427516,263872,272716
UL_LAT_BD,2017-03-03 16:18:13.854648,2.72524857521,1.2588865757,0.0826003551483,0.455632686615,0.291461229324,0.0856523513794,0.175988197327,0.157748937607,0.0104470252991,0.0532193183899,0.0334134101868,0.0413467884064,0.254969835281,0.435212373734,5370,5377,16447,2388,5370,5377,16447,2388,427684,263972,272816
UL_LAT_BD,2017-03-03 16:18:13.956963,2.72628545761,1.25929474831,0.0826826095581,0.455807685852,0.291600227356,0.0856816768646,0.176085948944,0.157781839371,0.0104510784149,0.0532290935516,0.0334253311157,0.0413467884064,0.255073308945,0.435248374939,5372,5379,16454,2389,5372,5379,16454,2389,427836,264068,272916
DL_LAT_BD,2017-03-03 16:18:12.011837,79,0,0,0
UL_LAT_BD,2017-03-03 16:18:14.059052,2.72800302505,1.25988268852,0.0827858448029,0.456042766571,0.291748285294,0.0857315063477,0.176169872284,0.157861709595,0.0104568004608,0.0532732009888,0.0334448814392,0.0413467884064,0.255196332932,0.43529343605,5377,5383,16460,2390,5377,5383,16460,2390,428164,264264,273056
UL_LAT_BD,2017-03-03 16:18:14.160813,2.72899031639,1.26102685928,0.0828678607941,0.456952810287,0.292583227158,0.0864689350128,0.176256656647,0.157935857773,0.010461807251,0.0532863140106,0.0334587097168,0.0413827896118,0.255269527435,0.435365438461,5379,5385,16467,2391,5379,5385,16467,2391,428316,264436,273300
DL_LAT_BD,2017-03-03 16:18:13.963062,18,0,0,0
DL_LAT_BD,2017-03-03 16:18:14.063018,103,0,0,0
