UL_LAT_BD,2017-03-03 16:17:38.074039,2.32015705109,1.11762404442,0.0688345432281,0.38503742218,0.247046947479,0.0707144737244,0.150189876556,0.132444381714,0.0085563659668,0.0463168621063,0.0279622077942,0.0335788726807,0.225970506668,0.413248062134,4571,4579,14332,2026,4571,4579,14332,2026,364068,219148,222552
DL_LAT_BD,2017-03-03 16:17:38.061911,103,0,0,0
UL_LAT_BD,2017-03-03 16:17:38.175853,2.32377004623,1.11796283722,0.0688505172729,0.385234355927,0.247154712677,0.0707471370697,0.150255680084,0.132530212402,0.00856018066406,0.0463407039642,0.027978181839,0.0336139202118,0.226033687592,0.413305044174,4573,4581,14336,2027,4573,4581,14336,2027,364236,219248,222652
UL_LAT_BD,2017-03-03 16:17:38.277974,2.32467889786,1.11823678017,0.0688633918762,0.385359287262,0.247241735458,0.0707740783691,0.150308609009,0.132567167282,0.00856304168701,0.046356678009,0.0279881954193,0.0336139202118,0.226123571396,0.413340091705,4575,4583,14343,2028,4575,4583,14343,2028,364388,219336,222756
UL_LAT_BD,2017-03-03 16:17:38.380101,2.32577419281,1.11858582497,0.0688893795013,0.385519504547,0.247353792191,0.0708069801331,0.15038061142,0.132613182068,0.00856804847717,0.0463757514954,0.0280044078827,0.0336139202118,0.226242542267,0.413375139236,4578,4586,14350,2029,4578,4586,14350,2029,364616,219468,222856
UL_LAT_BD,2017-03-03 16:17:38.481926,2.32666945457,1.11888432503,0.0689043998718,0.385670423508,0.247468948364,0.0708351135254,0.150459527969,0.13264799118,0.00857186317444,0.0463888645172,0.0280175209045,0.0336139202118,0.226332426071,0.413408994675,4580,4588,14357,2030,4580,4588,14357,2030,364784,219568,222956
UL_LAT_BD,2017-03-03 16:17:38.584023,2.32759833336,1.11918950081,0.0689194202423,0.385817289352,0.24754691124,0.0708582401276,0.150507450104,0.132715940475,0.00857496261597,0.0464098453522,0.0280303955078,0.0336389541626,0.226420402527,0.413454055786,4582,4590,14364,2031,4582,4590,14364,2031,364936,219660,223052
UL_LAT_BD,2017-03-03 16:17:38.685853,2.32848143578,1.11945748329,0.0689392089844,0.385939359665,0.247638940811,0.070885181427,0.150565385818,0.132745027542,0.0085780620575,0.0464196205139,0.0280394554138,0.0336389541626,0.226506710052,0.413487911224,4584,4592,14371,2032,4584,4592,14371,2032,365104,219760,223156
UL_LAT_BD,2017-03-03 16:17:38.787940,2.3296046257,1.12033224106,0.0689623355865,0.38612818718,0.247762918472,0.0709221363068,0.150641202927,0.132806062698,0.00858211517334,0.0464549064636,0.0280544757843,0.0336389541626,0.227124929428,0.413525819778,4587,4595,14379,2033,4587,4595,14379,2033,365348,219904,223276
UL_LAT_BD,2017-03-03 16:17:38.890112,2.33049869537,1.12062144279,0.0689742565155,0.386273384094,0.247837781906,0.0709435939789,0.150687932968,0.132875442505,0.00858402252197,0.0464718341827,0.0280692577362,0.033665895462,0.227212905884,0.413559675217,4589,4597,14386,2034,4589,4597,14386,2034,365500,219992,223380
UL_LAT_BD,2017-03-03 16:17:38.991885,2.33135962486,1.12094712257,0.0689911842346,0.386440515518,0.247943878174,0.0709714889526,0.15075469017,0.132932424545,0.00858879089355,0.0465178489685,0.0280721187592,0.033665895462,0.227287769318,0.413620710373,4591,4599,14392,2035,4591,4599,14392,2035,365668,220088,223480
DL_LAT_BD,2017-03-03 16:17:39.061865,103,0,0,0
UL_LAT_BD,2017-03-03 16:17:39.094048,2.33248472214,1.12390136719,0.0716631412506,0.386585474014,0.248057126999,0.0710067749023,0.150820732117,0.132961273193,0.00859260559082,0.046532869339,0.028076171875,0.033665895462,0.227375507355,0.413656711578,4594,4602,14399,2036,4594,4602,14399,2036,365896,220228,223584
UL_LAT_BD,2017-03-03 16:17:39.195879,2.33345627785,1.1242082119,0.071681022644,0.386706352234,0.248156070709,0.0710384845734,0.150878667831,0.132981300354,0.00859570503235,0.0465438365936,0.0280790328979,0.033665895462,0.227484464645,0.413706541061,4596,4604,14406,2037,4596,4604,14406,2037,366064,220324,223704
UL_LAT_BD,2017-03-03 16:17:39.297890,2.33460831642,1.12450528145,0.0717029571533,0.386843442917,0.248232364655,0.0710606575012,0.15092587471,0.133040189743,0.0085985660553,0.0465581417084,0.028116941452,0.033665895462,0.227581501007,0.413738489151,4598,4606,14414,2038,4598,4606,14414,2038,366216,220412,223788
UL_LAT_BD,2017-03-03 16:17:39.400099,2.33582901955,1.12479925156,0.0717186927795,0.386980295181,0.248354434967,0.0711090564728,0.150990724564,0.133053064346,0.00860047340393,0.0465662479401,0.028116941452,0.033665895462,0.227648496628,0.413804531097,4600,4608,14419,2039,4600,4608,14419,2039,366368,220552,224004
UL_LAT_BD,2017-03-03 16:17:39.501886,2.33677005768,1.12509131432,0.0717487335205,0.387141227722,0.24848151207,0.0711500644684,0.151069879532,0.133082151413,0.0086042881012,0.0465834140778,0.0281190872192,0.033665895462,0.227705717087,0.413840532303,4603,4611,14424,2040,4603,4611,14424,2040,366612,220692,224088
UL_LAT_BD,2017-03-03 16:17:39.604074,2.33767914772,1.12535333633,0.0717675685883,0.38729429245,0.24857878685,0.0711786746979,0.151128768921,0.133136034012,0.00860714912415,0.0465936660767,0.0281541347504,0.033665895462,0.227752685547,0.413877487183,4605,4613,14428,2041,4605,4613,14428,2041,366780,220792,224184
UL_LAT_BD,2017-03-03 16:17:39.705761,2.33860015869,1.12562561035,0.0717844963074,0.387416362762,0.248672962189,0.0712018013,0.151194810867,0.133161067963,0.00861096382141,0.0466086864471,0.0281572341919,0.033665895462,0.227840900421,0.413912534714,4607,4615,14435,2042,4607,4615,14435,2042,366932,220884,224284
UL_LAT_BD,2017-03-03 16:17:39.807882,2.33953642845,1.12587332726,0.0718026161194,0.38752746582,0.248761892319,0.0712270736694,0.151250600815,0.133181095123,0.00861406326294,0.0466196537018,0.0281591415405,0.033665895462,0.227910757065,0.413952589035,4609,4617,14441,2043,4609,4617,14441,2043,367100,220984,224400
UL_LAT_BD,2017-03-03 16:17:39.910018,2.34071230888,1.12625312805,0.0718846321106,0.387690782547,0.248893260956,0.0712671279907,0.151331663132,0.13321018219,0.00861811637878,0.0466356277466,0.0281612873077,0.033665895462,0.227999448776,0.413986682892,4612,4620,14449,2044,4612,4620,14449,2044,367328,221116,224504
UL_LAT_BD,2017-03-03 16:17:40.011818,2.34162020683,1.12682437897,0.0720217227936,0.387969732285,0.248979330063,0.0712952613831,0.151386499405,0.133399963379,0.00862097740173,0.0467519760132,0.0281713008881,0.0337207317352,0.228096485138,0.414035797119,4614,4622,14458,2045,4614,4622,14458,2045,367496,221216,224604
UL_LAT_BD,2017-03-03 16:17:40.113955,2.34253835678,1.12725448608,0.0721077919006,0.388172626495,0.249069213867,0.0713212490082,0.151440143585,0.133512020111,0.00862407684326,0.0467636585236,0.0281844139099,0.0337979793549,0.228192090988,0.414072751999,4616,4624,14464,2046,4616,4624,14464,2046,367648,221316,224688
