UL_LAT_BD,2017-03-03 16:16:39.582973,1.6519112587,0.890202283859,0.0484778881073,0.273794174194,0.175713777542,0.0491230487823,0.105667352676,0.0942203998566,0.00612664222717,0.0337741374969,0.0198471546173,0.0251839160919,0.165636301041,0.383843421936,3277,3271,10555,1440,3277,3271,10555,1440,260732,151100,151188
UL_LAT_BD,2017-03-03 16:16:39.685031,1.65274453163,0.89045381546,0.0484936237335,0.273907184601,0.175797700882,0.0491468906403,0.10572052002,0.0942485332489,0.00613069534302,0.0337860584259,0.0198571681976,0.0251839160919,0.165716409683,0.383880376816,3279,3273,10562,1441,3279,3273,10562,1441,260900,151196,151312
UL_LAT_BD,2017-03-03 16:16:39.786934,1.65388631821,0.8908867836,0.0485165119171,0.274121999741,0.175939559937,0.049192905426,0.105807304382,0.0943167209625,0.00613570213318,0.0338270664215,0.0198712348938,0.0251839160919,0.165857315063,0.38392329216,3282,3276,10569,1442,3282,3276,10569,1442,261144,151336,151412
UL_LAT_BD,2017-03-03 16:16:39.889043,1.65487241745,0.891252994537,0.0485324859619,0.27431678772,0.176043510437,0.0492310523987,0.105865478516,0.0944056510925,0.00613856315613,0.0338540077209,0.0198903083801,0.0252168178558,0.16596198082,0.38396525383,3284,3278,10576,1443,3284,3278,10576,1443,261296,151424,151516
UL_LAT_BD,2017-03-03 16:16:39.990831,1.65578961372,0.891539335251,0.0485513210297,0.274473905563,0.176167488098,0.049259185791,0.105954647064,0.0944368839264,0.00614261627197,0.0338671207428,0.0199003219604,0.0252168178558,0.166030168533,0.384001255035,3286,3280,10582,1444,3286,3280,10582,1444,261464,151520,151616
UL_LAT_BD,2017-03-03 16:16:40.092996,1.65665578842,0.891810655594,0.0485663414001,0.274605035782,0.176263570786,0.0492832660675,0.106019258499,0.0944709777832,0.00614666938782,0.0338830947876,0.0199103355408,0.0252168178558,0.166111707687,0.384036302567,3288,3282,10589,1445,3288,3282,10589,1445,261616,151616,151720
UL_LAT_BD,2017-03-03 16:16:40.195064,1.65775561333,0.892202138901,0.0485904216766,0.274837970734,0.17638874054,0.0493223667145,0.106098413467,0.0945737361908,0.00615239143372,0.0339131355286,0.0199301242828,0.0252556800842,0.166200876236,0.384069442749,3291,3285,10595,1446,3291,3285,10595,1446,261844,151748,151820
DL_LAT_BD,2017-03-03 16:16:40.062735,103,0,0,0
UL_LAT_BD,2017-03-03 16:16:40.296950,1.65877342224,0.892490386963,0.0486083030701,0.27496099472,0.176471710205,0.049348115921,0.106149673462,0.0946106910706,0.00615525245667,0.0339322090149,0.0199389457703,0.0252556800842,0.166294336319,0.384111404419,3293,3287,10604,1447,3293,3287,10604,1447,262012,151844,151924
UL_LAT_BD,2017-03-03 16:16:40.399063,1.65974259377,0.892790317535,0.0486242771149,0.275092840195,0.176568746567,0.049369096756,0.106216669083,0.0946435928345,0.00615835189819,0.0339453220367,0.0199508666992,0.0252556800842,0.166394233704,0.384153366089,3295,3289,10612,1448,3295,3289,10612,1448,262164,151932,152024
UL_LAT_BD,2017-03-03 16:16:40.500821,1.66070890427,0.89337849617,0.0486392974854,0.275510787964,0.176943540573,0.0494077205658,0.106543779373,0.0946826934814,0.00616455078125,0.0339620113373,0.0199608802795,0.0252556800842,0.166495323181,0.3841984272,3297,3291,10620,1449,3297,3291,10620,1449,262316,152020,152148
UL_LAT_BD,2017-03-03 16:16:40.602963,1.66184163094,0.89378619194,0.048668384552,0.275765657425,0.177073478699,0.049444437027,0.106624126434,0.0948028564453,0.00616884231567,0.033992767334,0.019978761673,0.0253148078918,0.166578531265,0.38423037529,3300,3294,10628,1450,3300,3294,10628,1450,262576,152168,152248
UL_LAT_BD,2017-03-03 16:16:40.705035,1.66270661354,0.89404630661,0.0486822128296,0.275867462158,0.177146434784,0.0494654178619,0.106668233871,0.0948317050934,0.0061719417572,0.0340027809143,0.0199887752533,0.0253148078918,0.166680812836,0.384262561798,3302,3296,10637,1451,3302,3296,10637,1451,262728,152256,152352
UL_LAT_BD,2017-03-03 16:16:40.806921,1.66362595558,0.894326448441,0.0486960411072,0.276003360748,0.17724442482,0.0494976043701,0.10672545433,0.0948677062988,0.00617694854736,0.0340209007263,0.0199987888336,0.0253148078918,0.166757106781,0.384309768677,3304,3298,10644,1452,3304,3298,10644,1452,262880,152344,152452
UL_LAT_BD,2017-03-03 16:16:40.909122,1.66475486755,0.894886732101,0.0487780570984,0.276319980621,0.177405118942,0.0495326519012,0.106840610504,0.0950217247009,0.00618195533752,0.0340518951416,0.0200176239014,0.0254049301147,0.166866779327,0.384351730347,3307,3301,10650,1453,3307,3301,10650,1453,263124,152484,152556
UL_LAT_BD,2017-03-03 16:16:41.010867,1.66594219208,0.895168781281,0.0487930774689,0.276426792145,0.177479028702,0.0495553016663,0.106886863708,0.0950527191162,0.00618505477905,0.0340676307678,0.0200257301331,0.0254049301147,0.166960954666,0.384412527084,3309,3303,10658,1454,3309,3303,10658,1454,263276,152572,152676
UL_LAT_BD,2017-03-03 16:16:41.112939,1.66693806648,0.895440816879,0.0488069057465,0.276553630829,0.17755484581,0.0495789051056,0.106935501099,0.0951008796692,0.00620341300964,0.0340814590454,0.0200366973877,0.0254049301147,0.167047977448,0.384447574615,3311,3305,10666,1455,3311,3305,10666,1455,263428,152668,152780
DL_LAT_BD,2017-03-03 16:16:41.062728,103,0,0,0
UL_LAT_BD,2017-03-03 16:16:41.215038,1.66800427437,0.895815372467,0.0488228797913,0.276693344116,0.17765879631,0.0496110916138,0.106994628906,0.0951347351074,0.00620722770691,0.0340976715088,0.020046710968,0.0254049301147,0.167220592499,0.384481668472,3313,3307,10674,1456,3313,3307,10674,1456,263596,152764,152880
UL_LAT_BD,2017-03-03 16:16:41.317040,1.66899728775,0.896246433258,0.0488457679749,0.276951313019,0.17777466774,0.0496451854706,0.107065916061,0.0952339172363,0.00621199607849,0.0341279506683,0.0200657844543,0.0254399776459,0.167321443558,0.384519577026,3316,3310,10680,1457,3316,3310,10680,1457,263840,152904,152984
UL_LAT_BD,2017-03-03 16:16:41.419041,1.66987323761,0.896503210068,0.0488595962524,0.277057409286,0.177846670151,0.0496664047241,0.107110738754,0.0952649116516,0.0062141418457,0.0341408252716,0.0200757980347,0.0254399776459,0.167416572571,0.384551525116,3318,3312,10688,1458,3318,3312,10688,1458,263992,152992,153084
UL_LAT_BD,2017-03-03 16:16:41.520795,1.6707367897,0.89678311348,0.0488753318787,0.277176380157,0.177930831909,0.0496957302094,0.107164382935,0.0952987670898,0.00621628761292,0.0341558456421,0.020085811615,0.0254399776459,0.167501926422,0.384601593018,3320,3314,10696,1459,3320,3314,10696,1459,264160,153088,153188
UL_LAT_BD,2017-03-03 16:16:41.622973,1.67153072357,0.89732837677,0.0489475727081,0.277324438095,0.178037643433,0.0497417449951,0.107219457626,0.0953369140625,0.00621962547302,0.0341737270355,0.0200977325439,0.0254399776459,0.167586565018,0.384832620621,3322,3316,10702,1460,3322,3316,10702,1460,264312,153176,153288
UL_LAT_BD,2017-03-03 16:16:41.725031,1.67275333405,0.897794723511,0.0489706993103,0.277603387833,0.178153753281,0.049774646759,0.107293844223,0.0954968929291,0.00622367858887,0.0342082977295,0.0201179981232,0.0255329608917,0.167703866959,0.3848695755,3325,3319,10710,1461,3325,3319,10710,1461,264540,153308,153412
