UL_LAT_BD,2017-03-03 16:15:22.266923,0.782772779465,0.586062192917,0.0239064693451,0.129005432129,0.0846152305603,0.0234031677246,0.0489919185638,0.0425293445587,0.00269341468811,0.0139081478119,0.00952243804932,0.0119066238403,0.0805294513702,0.344689369202,1559,1553,4943,682,1559,1553,4943,682,123676,71660,71848
DL_LAT_BD,2017-03-03 16:15:22.061919,103,0,0,0
UL_LAT_BD,2017-03-03 16:15:22.369045,0.784769535065,0.586335897446,0.0239453315735,0.12911939621,0.0846953392029,0.0234262943268,0.0490441322327,0.0425612926483,0.00269532203674,0.0139241218567,0.00953245162964,0.0119066238403,0.0806024074554,0.344725370407,1561,1555,4951,683,1561,1555,4951,683,123844,71756,71968
UL_LAT_BD,2017-03-03 16:15:22.470849,0.785542726517,0.5866086483,0.0239591598511,0.129271507263,0.0847795009613,0.0234589576721,0.0490884780884,0.042628288269,0.00269818305969,0.0139453411102,0.00954651832581,0.0119316577911,0.0806694030762,0.344757318497,1563,1557,4958,684,1563,1557,4958,684,123996,71844,72072
UL_LAT_BD,2017-03-03 16:15:22.572956,0.786586999893,0.586978435516,0.0239810943604,0.129481554031,0.0849287509918,0.0235028266907,0.0491847991943,0.0426862239838,0.00270295143127,0.0139653682709,0.00957441329956,0.0119316577911,0.0807573795319,0.344798326492,1566,1560,4965,685,1566,1560,4965,685,124240,71984,72172
UL_LAT_BD,2017-03-03 16:15:22.675106,0.787478923798,0.587243556976,0.0239963531494,0.129601478577,0.0850088596344,0.0235266685486,0.0492327213287,0.0427241325378,0.00270676612854,0.0139844417572,0.0095853805542,0.0119316577911,0.0808453559875,0.344831228256,1568,1562,4972,686,1568,1562,4972,686,124392,72072,72276
UL_LAT_BD,2017-03-03 16:15:22.776920,0.789235115051,0.587648391724,0.0240912437439,0.129762411118,0.0851266384125,0.0235674381256,0.0492994785309,0.0427639484406,0.00270962715149,0.014003276825,0.00959730148315,0.0119316577911,0.0809504985809,0.34486413002,1570,1564,4980,687,1570,1564,4980,687,124560,72168,72376
UL_LAT_BD,2017-03-03 16:15:22.879040,0.790328979492,0.588085412979,0.024115562439,0.130042314529,0.0852553844452,0.0236041545868,0.0493705272675,0.0429122447968,0.00271487236023,0.0140769481659,0.00962138175964,0.0119645595551,0.0810225009918,0.34491610527,1573,1567,4987,688,1573,1567,4987,688,124788,72300,72500
UL_LAT_BD,2017-03-03 16:15:22.980819,0.791239500046,0.588366746902,0.024133682251,0.130177259445,0.0853552818298,0.0236344337463,0.0494334697723,0.0429451465607,0.00271916389465,0.0140898227692,0.00963234901428,0.0119645595551,0.0810995101929,0.34495806694,1575,1569,4994,689,1575,1569,4994,689,124956,72396,72600
UL_LAT_BD,2017-03-03 16:15:23.082986,0.792102813721,0.588622570038,0.0241465568542,0.130288362503,0.0854332447052,0.0236558914185,0.049485206604,0.0429773330688,0.00272130966187,0.0141036510468,0.00964117050171,0.0119645595551,0.0811867713928,0.34499502182,1577,1571,5001,690,1577,1571,5001,690,125108,72492,72724
DL_LAT_BD,2017-03-03 16:15:23.062522,103,0,0,0
UL_LAT_BD,2017-03-03 16:15:23.185112,0.793003559113,0.58898973465,0.0242385864258,0.130445241928,0.0855152606964,0.0236794948578,0.0495345592499,0.0430512428284,0.00272417068481,0.0141248703003,0.00965404510498,0.0119955539703,0.0812606811523,0.345030069351,1579,1573,5007,691,1579,1573,5007,691,125276,72588,72824
UL_LAT_BD,2017-03-03 16:15:23.286924,0.794047117233,0.589385509491,0.0242626667023,0.13068151474,0.0856804847717,0.0237145423889,0.0496544837952,0.043119430542,0.00272941589355,0.0141508579254,0.00967001914978,0.0119955539703,0.0813505649567,0.345065116882,1582,1576,5014,692,1582,1576,5014,692,125504,72720,72908
UL_LAT_BD,2017-03-03 16:15:23.388942,0.794992446899,0.589678764343,0.02428150177,0.130793333054,0.08576130867,0.023740530014,0.0497052669525,0.0431473255157,0.00273156166077,0.014164686203,0.00967693328857,0.0119955539703,0.0814628601074,0.345103025436,1584,1578,5023,693,1584,1578,5023,693,125672,72816,73028
UL_LAT_BD,2017-03-03 16:15:23.490850,0.795925855637,0.590083599091,0.0242955684662,0.13089799881,0.0858311653137,0.0237603187561,0.0497493743896,0.0431790351868,0.0027334690094,0.0141806602478,0.0096869468689,0.0119955539703,0.0817048549652,0.345137119293,1586,1580,5032,694,1586,1580,5032,694,125824,72904,73112
UL_LAT_BD,2017-03-03 16:15:23.592984,0.796746015549,0.59038567543,0.0243117809296,0.131046056747,0.0859112739563,0.0237832069397,0.0497982501984,0.0432460308075,0.00273633003235,0.014200925827,0.00970101356506,0.0120215415955,0.0817859172821,0.345187187195,1588,1582,5039,695,1588,1582,5039,695,125992,73000,73232
UL_LAT_BD,2017-03-03 16:15:23.695109,0.797807455063,0.590806722641,0.0243923664093,0.131242990494,0.0860521793365,0.0238344669342,0.049877166748,0.043300151825,0.00274133682251,0.0142240524292,0.00971817970276,0.0120215415955,0.0818767547607,0.345230102539,1591,1585,5048,696,1591,1585,5048,696,126220,73132,73336
UL_LAT_BD,2017-03-03 16:15:23.796922,0.798660516739,0.591090679169,0.0244073867798,0.131375074387,0.0861463546753,0.0238652229309,0.0499310493469,0.0433359146118,0.00274419784546,0.0142428874969,0.00972723960876,0.0120215415955,0.0819756984711,0.345258235931,1593,1587,5055,697,1593,1587,5055,697,126388,73228,73420
UL_LAT_BD,2017-03-03 16:15:23.899037,0.799598932266,0.591425895691,0.024421453476,0.131551980972,0.086225271225,0.0238871574402,0.0499789714813,0.0434339046478,0.00274753570557,0.0142686367035,0.00974416732788,0.0120675563812,0.0820732116699,0.345294237137,1595,1589,5062,698,1595,1589,5062,698,126540,73316,73524
UL_LAT_BD,2017-03-03 16:15:24.000842,0.800456523895,0.591695308685,0.0244364738464,0.131675958633,0.0863094329834,0.0239102840424,0.0500302314758,0.0434718132019,0.00275063514709,0.0142858028412,0.00975513458252,0.0120675563812,0.082159280777,0.345330238342,1597,1591,5069,699,1597,1591,5069,699,126692,73404,73644
DL_LAT_BD,2017-03-03 16:15:24.061922,103,0,0,0
UL_LAT_BD,2017-03-03 16:15:24.102975,0.803874492645,0.592043876648,0.0244598388672,0.131889343262,0.0864624977112,0.0239579677582,0.0501198768616,0.043527841568,0.00275850296021,0.0143098831177,0.00977110862732,0.0120675563812,0.0822293758392,0.345367193222,1600,1594,5075,700,1600,1594,5075,700,126936,73552,73768
UL_LAT_BD,2017-03-03 16:15:24.205094,0.804836034775,0.592482089996,0.0245816707611,0.132064342499,0.0865895748138,0.0239887237549,0.0502059459686,0.0435736179352,0.00276350975037,0.014331817627,0.00978493690491,0.0120675563812,0.0823285579681,0.345401287079,1602,1596,5082,701,1602,1596,5082,701,127104,73648,73868
UL_LAT_BD,2017-03-03 16:15:24.306922,0.805655956268,0.592751026154,0.0245935916901,0.132199287415,0.0866596698761,0.0240099430084,0.0502469539642,0.0436375141144,0.00276660919189,0.014349937439,0.00979781150818,0.0120904445648,0.0824074745178,0.345435142517,1604,1598,5090,702,1604,1598,5090,702,127256,73736,73972
UL_LAT_BD,2017-03-03 16:15:24.409042,0.806484699249,0.593143463135,0.024614572525,0.132461071014,0.0868644714355,0.0240595340729,0.0503942966461,0.0436916351318,0.00277137756348,0.0143740177155,0.00981473922729,0.0120904445648,0.0824723243713,0.345471143723,1607,1601,5096,703,1607,1601,5096,703,127484,73868,74056
