UL_LAT_BD,2017-03-03 16:17:04.369039,1.94650626183,0.981847763062,0.0546989440918,0.316947460175,0.201799154282,0.0569577217102,0.122000217438,0.11051940918,0.0071074962616,0.0392181873322,0.0234375,0.0294535160065,0.193180799484,0.395785093307,3827,3821,12366,1683,3827,3821,12366,1683,304456,176624,176832
UL_LAT_BD,2017-03-03 16:17:04.471332,1.94765043259,0.984838962555,0.0547151565552,0.319738149643,0.201883077621,0.0569818019867,0.122053384781,0.113219261169,0.00711154937744,0.0392272472382,0.0234725475311,0.0294535160065,0.193284749985,0.395848274231,3829,3823,12374,1684,3829,3823,12374,1684,304608,176712,176936
UL_LAT_BD,2017-03-03 16:17:04.572975,1.94853878021,0.98518872261,0.0547893047333,0.319849014282,0.201956033707,0.0570023059845,0.122099399567,0.113254308701,0.00711369514465,0.0392453670502,0.0234825611115,0.0294535160065,0.193364143372,0.395924091339,3831,3825,12380,1685,3831,3825,12380,1685,304760,176800,177068
UL_LAT_BD,2017-03-03 16:17:04.675024,1.95000720024,0.985813617706,0.0549683570862,0.320183038712,0.202178955078,0.057076215744,0.122233629227,0.113362312317,0.00712084770203,0.0392792224884,0.023505449295,0.0294876098633,0.193416118622,0.395975112915,3834,3828,12383,1686,3834,3828,12383,1686,305004,177000,177236
UL_LAT_BD,2017-03-03 16:17:04.776922,1.95077943802,0.986222743988,0.0549824237823,0.320327043533,0.202288866043,0.0571174621582,0.12229347229,0.113394498825,0.00712370872498,0.039293050766,0.0235164165497,0.0294876098633,0.193465232849,0.396171092987,3836,3830,12387,1687,3836,3830,12387,1687,305156,177128,177396
UL_LAT_BD,2017-03-03 16:17:04.851966,1.95159673691,0.986687660217,0.0549945831299,0.320559978485,0.202492713928,0.0572025775909,0.122393131256,0.11342048645,0.00712561607361,0.0393030643463,0.02352643013,0.0294876098633,0.193499088287,0.396352052689,3838,3832,12390,1688,3838,3832,12390,1688,305308,177360,177812
UL_LAT_BD,2017-03-03 16:17:04.954066,1.95255303383,0.987080812454,0.0550096035004,0.320796728134,0.202686548233,0.0572822093964,0.122493028641,0.113460540771,0.00713086128235,0.0393221378326,0.0235402584076,0.0294876098633,0.19357252121,0.396412134171,3840,3834,12394,1689,3840,3834,12394,1689,305476,177544,178008
UL_LAT_BD,2017-03-03 16:17:05.055879,1.95365643501,0.987476825714,0.0550274848938,0.320994615555,0.2028195858,0.0573205947876,0.122577905655,0.113523483276,0.00713300704956,0.0393359661102,0.0235543251038,0.0295124053955,0.193654537201,0.396503210068,3842,3836,12401,1690,3842,3836,12401,1690,305644,177664,178324
UL_LAT_BD,2017-03-03 16:17:05.125118,1.95462679863,0.987971544266,0.0550422668457,0.321313619614,0.203092575073,0.0574383735657,0.122709751129,0.113565444946,0.00714492797852,0.039351940155,0.0235633850098,0.0295124053955,0.193695545197,0.396618366241,3844,3838,12403,1691,3844,3838,12403,1691,305796,177976,178740
UL_LAT_BD,2017-03-03 16:17:05.155932,1.95484280586,0.988094568253,0.0550422668457,0.321313619614,0.203092575073,0.0574383735657,0.122709751129,0.113565444946,0.00714492797852,0.039351940155,0.0235633850098,0.0295124053955,0.193695545197,0.396740436554,3844,3838,12403,1692,3844,3838,12403,1692,305796,177976,179136
DL_LAT_BD,2017-03-03 16:17:05.061992,103,0,0,0
UL_LAT_BD,2017-03-03 16:17:05.257944,1.9562523365,0.988807916641,0.0550706386566,0.321824550629,0.20355963707,0.057633638382,0.122938632965,0.113608121872,0.0071496963501,0.0393681526184,0.0235784053802,0.0295124053955,0.193756818771,0.396842479706,3847,3841,12409,1693,3847,3841,12409,1693,306040,178480,179420
UL_LAT_BD,2017-03-03 16:17:05.347053,1.95709204674,0.989270210266,0.0550847053528,0.322114706039,0.203783750534,0.0577325820923,0.123046636581,0.113670349121,0.00715589523315,0.0394039154053,0.0235955715179,0.0295124053955,0.193785905838,0.396965503693,3849,3843,12412,1694,3849,3843,12412,1694,306192,178708,179832
UL_LAT_BD,2017-03-03 16:17:05.389109,1.95772600174,0.98966550827,0.0550968647003,0.322379827499,0.204027891159,0.0578529834747,0.123146533966,0.113691329956,0.00715970993042,0.0394110679626,0.023604631424,0.0295124053955,0.193785905838,0.397082567215,3850,3844,12412,1695,3850,3844,12412,1695,306284,178996,180228
UL_LAT_BD,2017-03-03 16:17:05.430905,1.95806097984,0.989824533463,0.0550968647003,0.322379827499,0.204027891159,0.0578529834747,0.123146533966,0.113691329956,0.00715970993042,0.0394110679626,0.023604631424,0.0295124053955,0.193797826767,0.397228717804,3850,3844,12413,1696,3850,3844,12413,1696,306284,178996,180628
UL_LAT_BD,2017-03-03 16:17:05.480203,1.95932888985,0.990617275238,0.0551137924194,0.32288980484,0.204498052597,0.0581033229828,0.123317480087,0.11372923851,0.0071656703949,0.0394270420074,0.0236167907715,0.0295124053955,0.193834066391,0.397450685501,3852,3846,12416,1697,3852,3846,12416,1697,306436,179504,181028
UL_LAT_BD,2017-03-03 16:17:05.529184,1.95988607407,0.99093413353,0.0551137924194,0.323060750961,0.204644918442,0.0582134723663,0.123329401016,0.113753318787,0.00716757774353,0.0394370555878,0.0236239433289,0.0295124053955,0.193834066391,0.397594690323,3852,3847,12416,1698,3852,3847,12416,1698,306436,179732,181428
UL_LAT_BD,2017-03-03 16:17:05.562898,1.96019697189,0.991068124771,0.0551137924194,0.323060750961,0.204644918442,0.0582134723663,0.123329401016,0.113753318787,0.00716757774353,0.0394370555878,0.0236239433289,0.0295124053955,0.193834066391,0.39772772789,3852,3847,12416,1699,3852,3847,12416,1699,306436,179732,181820
UL_LAT_BD,2017-03-03 16:17:05.655846,1.96155142784,0.991909503937,0.0551347732544,0.323670864105,0.205212116241,0.0584425926208,0.123615026474,0.113794326782,0.00717854499817,0.0394530296326,0.0236339569092,0.0295124053955,0.193885803223,0.397878646851,3854,3849,12422,1700,3854,3849,12422,1700,306636,180260,182228
UL_LAT_BD,2017-03-03 16:17:05.720154,1.9623374939,0.992336273193,0.0551497936249,0.323947906494,0.205452919006,0.0585472583771,0.123727083206,0.113826274872,0.00718355178833,0.0394670963287,0.023640871048,0.0295124053955,0.193898677826,0.397997617722,3856,3851,12423,1701,3856,3851,12423,1701,306788,180508,182644
UL_LAT_BD,2017-03-03 16:17:05.811946,1.96328449249,0.992907524109,0.0552399158478,0.324215650558,0.205631732941,0.0586140155792,0.123822450638,0.113913297653,0.00718760490417,0.039491891861,0.0236570835114,0.0295464992523,0.193928956985,0.398173570633,3858,3853,12426,1702,3858,3853,12426,1702,306956,180692,183044
UL_LAT_BD,2017-03-03 16:17:05.873029,1.96454405785,0.993372440338,0.0552470684052,0.324476718903,0.205877780914,0.0587253570557,0.123937368393,0.113927364349,0.00718975067139,0.0394947528839,0.0236630439758,0.0295464992523,0.193937778473,0.398357629776,3859,3854,12427,1703,3859,3854,12427,1703,307032,180964,183456
UL_LAT_BD,2017-03-03 16:17:05.940009,1.96524310112,0.993778467178,0.0553109645844,0.324686765671,0.206074714661,0.0588557720184,0.123977661133,0.113940477371,0.00719380378723,0.0394976139069,0.0236661434174,0.0295464992523,0.193947792053,0.398473739624,3860,3856,12428,1704,3860,3856,12428,1704,307092,181352,183856
UL_LAT_BD,2017-03-03 16:17:06.010181,1.96572089195,0.99404168129,0.0553109645844,0.324796915054,0.206180810928,0.0589261054993,0.123999357224,0.113943338394,0.00719571113586,0.0394976139069,0.0236661434174,0.0295464992523,0.193947792053,0.398625612259,3860,3857,12428,1705,3860,3857,12428,1705,307092,181564,184264
UL_LAT_BD,2017-03-03 16:17:06.047012,1.96618270874,0.994305610657,0.0553109645844,0.324909925461,0.206289768219,0.0590102672577,0.124008893967,0.113946437836,0.00719666481018,0.0394976139069,0.0236661434174,0.0295464992523,0.193947792053,0.398775577545,3860,3858,12428,1706,3860,3858,12428,1706,307092,181812,184660
DL_LAT_BD,2017-03-03 16:17:06.062611,103,0,0,0
UL_LAT_BD,2017-03-03 16:17:06.091955,1.96676373482,0.994845628738,0.0553109645844,0.325109958649,0.206484794617,0.0591654777527,0.124029159546,0.113949537277,0.00719976425171,0.0394976139069,0.0236661434174,0.0295464992523,0.193947792053,0.399111509323,3860,3859,12428,1707,3860,3859,12428,1707,307092,182196,185068
UL_LAT_BD,2017-03-03 16:17:06.123044,1.96731686592,0.995193958282,0.0553178787231,0.325331926346,0.206628799438,0.0592770576477,0.12403678894,0.114026546478,0.00720191001892,0.0395345687866,0.0236732959747,0.0295743942261,0.193947792053,0.399228572845,3861,3860,12428,1708,3861,3860,12428,1708,307168,182472,185464
UL_LAT_BD,2017-03-03 16:17:06.180135,1.96853375435,0.995958089828,0.0554060935974,0.325874090195,0.207154989243,0.0594036579132,0.124404668808,0.114041566849,0.00720381736755,0.0395376682281,0.0236802101135,0.0295743942261,0.193955898285,0.399347543716,3864,3862,12429,1709,3864,3862,12429,1709,307444,182816,185868
UL_LAT_BD,2017-03-03 16:17:06.235901,1.96940779686,0.996285915375,0.0554239749908,0.32602930069,0.207289218903,0.0595064163208,0.124416351318,0.114059686661,0.00720596313477,0.0395514965057,0.0236814022064,0.0295743942261,0.193955898285,0.399497509003,3867,3864,12429,1710,3867,3864,12429,1710,307668,183064,186272
UL_LAT_BD,2017-03-03 16:17:06.288001,1.97032284737,0.997052907944,0.0554299354553,0.326663255692,0.207889318466,0.0597338676453,0.124711990356,0.114089727402,0.00721502304077,0.0395555496216,0.0236923694611,0.0295743942261,0.193955898285,0.39962053299,3868,3868,12429,1711,3868,3868,12429,1711,307728,183612,186676
UL_LAT_BD,2017-03-03 16:17:06.353075,1.97088313103,0.99732708931,0.0554299354553,0.326774358749,0.207992315292,0.0598108768463,0.124719619751,0.114096879959,0.0072181224823,0.0395555496216,0.0236923694611,0.0295743942261,0.19397687912,0.399758577347,3868,3870,12431,1712,3868,3870,12431,1712,307728,183868,187080
DL_LAT_BD,2017-03-03 16:17:06.211945,77,0,0,0
UL_LAT_BD,2017-03-03 16:17:06.395150,1.97131109238,0.997574090958,0.0554299354553,0.326901435852,0.208113193512,0.0599026679993,0.124727249146,0.114101886749,0.00722098350525,0.0395555496216,0.0236923694611,0.0295743942261,0.19397687912,0.399877548218,3868,3871,12431,1713,3868,3871,12431,1713,307728,184124,187480
UL_LAT_BD,2017-03-03 16:17:06.443208,1.97182416916,0.997836112976,0.0554299354553,0.327035427094,0.20824432373,0.060001373291,0.124739646912,0.114103794098,0.00722289085388,0.0395555496216,0.0236923694611,0.0295743942261,0.193984985352,0.39999461174,3868,3872,12432,1714,3868,3872,12432,1714,307728,184416,187884
