UL_LAT_BD,2017-03-03 16:15:03.906924,0.584248304367,0.519454717636,0.0185861587524,0.0959961414337,0.0639879703522,0.0182163715363,0.0380396842957,0.0305993556976,0.00200939178467,0.0104382038116,0.00703430175781,0.00787663459778,0.0633013248444,0.335470676422,1142,1138,3621,502,1142,1138,3621,502,90840,52632,52928
UL_LAT_BD,2017-03-03 16:15:04.009054,0.58508682251,0.519779443741,0.0186040401459,0.0961449146271,0.064090013504,0.0182495117188,0.0381016731262,0.0306432247162,0.00201344490051,0.0104601383209,0.00704836845398,0.00787663459778,0.063410282135,0.335509777069,1144,1140,3627,503,1144,1140,3627,503,91008,52728,53028
UL_LAT_BD,2017-03-03 16:15:04.110871,0.585984706879,0.52019238472,0.0186240673065,0.0964317321777,0.0641627311707,0.0182719230652,0.0381479263306,0.0308542251587,0.00201535224915,0.0104808807373,0.00705933570862,0.00804567337036,0.0634794235229,0.335541725159,1146,1142,3633,504,1146,1142,3633,504,91160,52824,53132
UL_LAT_BD,2017-03-03 16:15:04.212994,0.587030172348,0.52052116394,0.0186491012573,0.0966188907623,0.0642991065979,0.0183205604553,0.0382270812988,0.0309021472931,0.00202035903931,0.0105018615723,0.007075548172,0.00804567337036,0.0635547637939,0.335573673248,1149,1145,3640,505,1149,1145,3640,505,91388,52956,53232
DL_LAT_BD,2017-03-03 16:15:04.061853,103,0,0,0
UL_LAT_BD,2017-03-03 16:15:04.315064,0.588027000427,0.520810842514,0.0186681747437,0.0967338085175,0.0643801689148,0.0183448791504,0.0382769107819,0.0309340953827,0.00202345848083,0.0105168819427,0.00708556175232,0.00804567337036,0.0636639595032,0.335610628128,1151,1147,3646,506,1151,1147,3646,506,91556,53052,53356
UL_LAT_BD,2017-03-03 16:15:04.416917,0.588953971863,0.521055698395,0.0186822414398,0.0968389511108,0.0644512176514,0.018364906311,0.0383200645447,0.0309672355652,0.00202751159668,0.0105330944061,0.00709533691406,0.00804567337036,0.0637354850769,0.335656642914,1153,1149,3652,507,1153,1149,3652,507,91708,53140,53456
UL_LAT_BD,2017-03-03 16:15:04.519052,0.591020345688,0.521462917328,0.0187094211578,0.0970771312714,0.0645904541016,0.0184149742126,0.0383977890015,0.031063079834,0.00203251838684,0.0105652809143,0.00711441040039,0.00807762145996,0.063835144043,0.335689783096,1156,1152,3659,508,1156,1152,3659,508,91952,53280,53560
UL_LAT_BD,2017-03-03 16:15:04.620883,0.59205365181,0.524175882339,0.0187246799469,0.0971982479095,0.0646793842316,0.0184519290924,0.0384438037872,0.0310921669006,0.00203561782837,0.0105772018433,0.00712323188782,0.00807762145996,0.0639290809631,0.338164806366,1158,1154,3668,509,1158,1154,3668,509,92104,53368,53660
UL_LAT_BD,2017-03-03 16:15:04.722973,0.592967271805,0.524511814117,0.0187425613403,0.0973281860352,0.0647711753845,0.0184798240662,0.038501739502,0.0311291217804,0.0020387172699,0.0105934143066,0.00713419914246,0.00807762145996,0.0640711784363,0.338198661804,1160,1156,3676,510,1160,1156,3676,510,92272,53464,53764
UL_LAT_BD,2017-03-03 16:15:04.825060,0.59376001358,0.524858951569,0.0188286304474,0.0974702835083,0.0648431777954,0.0185010433197,0.0385456085205,0.0311963558197,0.00204086303711,0.0106134414673,0.00714707374573,0.00810170173645,0.0641503334045,0.338230609894,1162,1158,3683,511,1162,1158,3683,511,92424,53552,53864
UL_LAT_BD,2017-03-03 16:15:04.926919,0.594650745392,0.525188207626,0.0188498497009,0.0976314544678,0.0649611949921,0.0185303688049,0.038622379303,0.0312356948853,0.00204586982727,0.0106315612793,0.00715899467468,0.00810170173645,0.0642313957214,0.338285684586,1165,1161,3690,512,1165,1161,3690,512,92652,53684,53948
UL_LAT_BD,2017-03-03 16:15:05.029081,0.595549821854,0.525460720062,0.0188648700714,0.0977563858032,0.0650491714478,0.0185551643372,0.0386774539948,0.0312707424164,0.0020489692688,0.0106475353241,0.0071702003479,0.00810170173645,0.0643119812012,0.338329792023,1167,1163,3697,513,1167,1163,3697,513,92820,53780,54072
UL_LAT_BD,2017-03-03 16:15:05.130911,0.596630096436,0.525728702545,0.0188777446747,0.0978662967682,0.0651230812073,0.0185792446136,0.0387225151062,0.0313048362732,0.00205278396606,0.0106647014618,0.00718021392822,0.00810170173645,0.0644111633301,0.338365793228,1169,1165,3704,514,1169,1165,3704,514,92972,53876,54176
DL_LAT_BD,2017-03-03 16:15:05.062023,103,0,0,0
UL_LAT_BD,2017-03-03 16:15:05.232960,0.597469806671,0.526013374329,0.0188937187195,0.0980262756348,0.0652132034302,0.018607378006,0.0387785434723,0.0313746929169,0.00205659866333,0.010687828064,0.00719404220581,0.00812458992004,0.0644812583923,0.338396787643,1171,1167,3710,515,1171,1167,3710,515,93140,53972,54276
UL_LAT_BD,2017-03-03 16:15:05.335060,0.598859548569,0.526451587677,0.0189347267151,0.0982391834259,0.0653593540192,0.0186536312103,0.0388696193695,0.0314376354218,0.00206255912781,0.0107126235962,0.00721621513367,0.00812458992004,0.0646004676819,0.338447809219,1174,1170,3718,516,1174,1170,3718,516,93368,54104,54380
UL_LAT_BD,2017-03-03 16:15:05.436933,0.600080251694,0.526919841766,0.0189535617828,0.0984971523285,0.065530538559,0.0186955928802,0.0389885902405,0.0315206050873,0.00206851959229,0.0107824802399,0.0072193145752,0.00812458992004,0.0647385120392,0.338487863541,1176,1172,3727,517,1176,1172,3727,517,93536,54200,54500
UL_LAT_BD,2017-03-03 16:15:05.539045,0.601309776306,0.527168512344,0.0189785957336,0.0985949039459,0.0656063556671,0.0187172889709,0.0390346050262,0.0315406322479,0.00207161903381,0.0107924938202,0.00722026824951,0.00812458992004,0.0648236274719,0.338521718979,1178,1174,3733,518,1178,1174,3733,518,93688,54288,54604
UL_LAT_BD,2017-03-03 16:15:05.640891,0.602391719818,0.527477502823,0.0189974308014,0.098730802536,0.0657103061676,0.0187482833862,0.0390982627869,0.0315716266632,0.00207448005676,0.0108063220978,0.00722146034241,0.00812458992004,0.0649328231812,0.33855676651,1180,1176,3740,519,1180,1176,3740,519,93856,54384,54704
UL_LAT_BD,2017-03-03 16:15:05.742897,0.603569507599,0.527828454971,0.0190224647522,0.0989127159119,0.065824508667,0.0187814235687,0.0391690731049,0.031637430191,0.00208044052124,0.0108253955841,0.00725746154785,0.00812458992004,0.0650327205658,0.338590621948,1183,1179,3749,520,1183,1179,3749,520,94084,54516,54808
UL_LAT_BD,2017-03-03 16:15:05.845055,0.604514360428,0.528587341309,0.0190393924713,0.0990197658539,0.0659086704254,0.018807888031,0.0392210483551,0.031658411026,0.00208330154419,0.0108375549316,0.00725960731506,0.00812458992004,0.0656251907349,0.338623523712,1185,1181,3757,521,1185,1181,3757,521,94252,54612,54908
UL_LAT_BD,2017-03-03 16:15:05.946947,0.605265855789,0.528818845749,0.0190534591675,0.0991199016571,0.065985918045,0.0188312530518,0.0392711162567,0.031679391861,0.00208616256714,0.0108485221863,0.00726175308228,0.00812458992004,0.0657005310059,0.338656663895,1187,1183,3764,522,1187,1183,3764,522,94404,54700,55012
UL_LAT_BD,2017-03-03 16:15:06.048960,0.606356620789,0.529236555099,0.0191514492035,0.0993137359619,0.0661180019379,0.0188760757446,0.0393471717834,0.03173828125,0.0020911693573,0.0108635425568,0.00729584693909,0.00812458992004,0.0657846927643,0.338689565659,1190,1186,3771,523,1190,1186,3771,523,94648,54848,55116
DL_LAT_BD,2017-03-03 16:15:06.061817,103,0,0,0
UL_LAT_BD,2017-03-03 16:15:06.150887,0.607177972794,0.529488563538,0.0191643238068,0.0994167327881,0.0661931037903,0.0188972949982,0.0393929481506,0.0317630767822,0.00209403038025,0.0108807086945,0.00729775428772,0.00812458992004,0.0658657550812,0.33873462677,1192,1188,3777,524,1192,1188,3777,524,94800,54936,55220
UL_LAT_BD,2017-03-03 16:15:06.252969,0.608197927475,0.529751062393,0.0191843509674,0.0995216369629,0.0662748813629,0.0189225673676,0.039443731308,0.0317852497101,0.00209712982178,0.0108926296234,0.00729870796204,0.00812458992004,0.06596159935,0.338768482208,1194,1190,3784,525,1194,1190,3784,525,94968,55032,55320
