UL_LAT_BD,2017-03-03 16:16:55.596926,1.84845709801,0.947099685669,0.0525193214417,0.302691698074,0.193043470383,0.0543217658997,0.116583824158,0.105301856995,0.00678038597107,0.0374004840851,0.0222160816193,0.0285966396332,0.180656671524,0.390934705734,3632,3626,11726,1597,3632,3626,11726,1597,288980,167536,167624
UL_LAT_BD,2017-03-03 16:16:55.699031,1.84925293922,0.947382688522,0.0525331497192,0.302849769592,0.193118572235,0.0543446540833,0.116630792618,0.105383872986,0.0067834854126,0.037424325943,0.0222311019897,0.0286316871643,0.180726051331,0.390969753265,3634,3628,11733,1598,3634,3628,11733,1598,289132,167624,167728
UL_LAT_BD,2017-03-03 16:16:55.800838,1.85025525093,0.947704315186,0.0525503158569,0.303017854691,0.193221569061,0.0543746948242,0.116694927216,0.105429172516,0.00678777694702,0.0374462604523,0.0222461223602,0.0286316871643,0.180815696716,0.391005754471,3636,3630,11740,1599,3636,3630,11740,1599,289300,167720,167828
UL_LAT_BD,2017-03-03 16:16:55.902976,1.85155081749,0.948017597198,0.0525755882263,0.303184986115,0.193336725235,0.0544109344482,0.116767644882,0.105479001999,0.00679159164429,0.0374684333801,0.0222611427307,0.0286316871643,0.180887699127,0.391044616699,3639,3633,11747,1600,3639,3633,11747,1600,289528,167852,167932
UL_LAT_BD,2017-03-03 16:16:56.005031,1.85250687599,0.948325395584,0.0526146888733,0.303310871124,0.193426847458,0.0544393062592,0.116823196411,0.105512857437,0.00679445266724,0.0374846458435,0.0222721099854,0.0286316871643,0.180980205536,0.391082525253,3641,3635,11754,1601,3641,3635,11754,1601,289696,167948,168032
UL_LAT_BD,2017-03-03 16:16:56.106850,1.85368204117,0.948714971542,0.0526309013367,0.303542852402,0.193511962891,0.05446434021,0.116876125336,0.105658769608,0.00679731369019,0.0375127792358,0.0222890377045,0.0287246704102,0.181076526642,0.391117572784,3643,3637,11762,1602,3643,3637,11762,1602,289848,168044,168136
DL_LAT_BD,2017-03-03 16:16:56.062731,103,0,0,0
UL_LAT_BD,2017-03-03 16:16:56.209040,1.85497307777,0.94913315773,0.0526597499847,0.30380988121,0.193722009659,0.0545172691345,0.117023229599,0.105712890625,0.00680232048035,0.0375366210938,0.0223069190979,0.0287246704102,0.181154727936,0.391151666641,3646,3640,11769,1603,3646,3640,11769,1603,290092,168184,168236
UL_LAT_BD,2017-03-03 16:16:56.310834,1.85574126244,0.949454307556,0.0526740550995,0.303977012634,0.193841934204,0.0545408725739,0.117110490799,0.105758190155,0.00680613517761,0.037558555603,0.0223190784454,0.0287246704102,0.18125295639,0.391186475754,3648,3642,11775,1604,3648,3642,11775,1604,290244,168272,168340
UL_LAT_BD,2017-03-03 16:16:56.412961,1.8566505909,0.949863195419,0.0526881217957,0.304245948792,0.193926811218,0.0545659065247,0.117160558701,0.105940341949,0.00681209564209,0.0376784801483,0.0223321914673,0.0287616252899,0.181336641312,0.391221523285,3650,3644,11782,1605,3650,3644,11782,1605,290396,168360,168440
UL_LAT_BD,2017-03-03 16:16:56.515039,1.8575026989,0.950197458267,0.0527062416077,0.304409980774,0.194044828415,0.0545952320099,0.117243528366,0.105983495712,0.00681614875793,0.0377016067505,0.0223431587219,0.0287616252899,0.181422710419,0.391279459,3652,3646,11789,1606,3652,3646,11789,1606,290564,168456,168544
UL_LAT_BD,2017-03-03 16:16:56.616916,1.85882854462,0.950694084167,0.0528020858765,0.304615974426,0.194194793701,0.0546433925629,0.117335557938,0.106034755707,0.00682139396667,0.0377235412598,0.022360086441,0.0287616252899,0.181559324265,0.391324520111,3655,3649,11799,1607,3655,3649,11799,1607,290808,168596,168644
UL_LAT_BD,2017-03-03 16:16:56.719037,1.8597869873,0.951112508774,0.0528769493103,0.304731845856,0.194271564484,0.0546653270721,0.117383480072,0.106070518494,0.00682520866394,0.0377416610718,0.0223701000214,0.0287616252899,0.181641340256,0.391374588013,3657,3651,11807,1608,3657,3651,11807,1608,290960,168684,168748
UL_LAT_BD,2017-03-03 16:16:56.820846,1.86070680618,0.951423883438,0.0528919696808,0.304893016815,0.194357872009,0.0546925067902,0.117438316345,0.106142520905,0.00682806968689,0.0377638339996,0.0223851203918,0.0287897586823,0.181734323502,0.391407489777,3659,3653,11815,1609,3659,3653,11815,1609,291128,168780,168848
UL_LAT_BD,2017-03-03 16:16:56.922899,1.86176538467,0.951805591583,0.0530309677124,0.304996013641,0.194430828094,0.054713010788,0.117482185364,0.106172561646,0.00683093070984,0.0377748012543,0.0223960876465,0.0287897586823,0.181827783585,0.391440629959,3661,3655,11823,1610,3661,3655,11823,1610,291280,168868,168952
UL_LAT_BD,2017-03-03 16:16:57.025111,1.86285567284,0.952192306519,0.053111076355,0.305158853531,0.194539785385,0.054744720459,0.117549180984,0.106223583221,0.00683498382568,0.0377988815308,0.0224108695984,0.0287897586823,0.181927442551,0.39147567749,3664,3658,11830,1611,3664,3658,11830,1611,291508,169000,169052
DL_LAT_BD,2017-03-03 16:16:57.062713,103,0,0,0
UL_LAT_BD,2017-03-03 16:16:57.126815,1.8638548851,0.952571630478,0.0531282424927,0.30538392067,0.194623708725,0.0547707080841,0.117603063583,0.106362819672,0.00683808326721,0.037823677063,0.0224251747131,0.0288827419281,0.182020425797,0.391509771347,3666,3660,11838,1612,3666,3660,11838,1612,291676,169104,169156
UL_LAT_BD,2017-03-03 16:16:57.229046,1.8648955822,0.952840805054,0.0531485080719,0.305489778519,0.194695711136,0.0547907352448,0.117649078369,0.106394767761,0.00684094429016,0.0378389358521,0.0224351882935,0.0288827419281,0.1821205616,0.391545772552,3668,3662,11846,1613,3668,3662,11846,1613,291828,169192,169256
UL_LAT_BD,2017-03-03 16:16:57.330838,1.86583948135,0.953116416931,0.0531663894653,0.305605888367,0.194781780243,0.0548181533813,0.117702007294,0.106422662735,0.00684404373169,0.0378499031067,0.0224442481995,0.0288827419281,0.18221116066,0.39158987999,3670,3664,11853,1614,3670,3664,11853,1614,291996,169288,169360
UL_LAT_BD,2017-03-03 16:16:57.432982,1.86686706543,0.953409194946,0.0531871318817,0.305753707886,0.194881916046,0.0548512935638,0.117764949799,0.106467485428,0.00684809684753,0.0378708839417,0.0224573612213,0.0288827419281,0.182291269302,0.391624927521,3673,3667,11861,1615,3673,3667,11861,1615,292224,169420,169460
UL_LAT_BD,2017-03-03 16:16:57.535011,1.86776351929,0.953727006912,0.0532019138336,0.305920600891,0.194966077805,0.0548765659332,0.11781668663,0.106549263,0.00685286521912,0.03790807724,0.0224692821503,0.0289056301117,0.182376146317,0.391664028168,3675,3669,11869,1616,3675,3669,11869,1616,292392,169516,169564
