UL_LAT_BD,2017-03-03 16:16:05.616922,1.27449035645,0.756888628006,0.0375316143036,0.212112665176,0.138627767563,0.0375959873199,0.082937002182,0.0705571174622,0.00463628768921,0.025500535965,0.015163898468,0.0180215835571,0.128224611282,0.366570711136,2522,2516,8092,1107,2522,2516,8092,1107,200668,116228,116304
UL_LAT_BD,2017-03-03 16:16:05.719002,1.27552771568,0.757369995117,0.0375537872314,0.212444543839,0.138780832291,0.0376331806183,0.0830416679382,0.0707321166992,0.00464129447937,0.0255424976349,0.0151829719543,0.0181214809418,0.128307580948,0.366604804993,2525,2519,8099,1108,2525,2519,8099,1108,200912,116368,116404
UL_LAT_BD,2017-03-03 16:16:05.820817,1.27647590637,0.757678747177,0.0375726222992,0.212570667267,0.138870000839,0.037659406662,0.0830960273743,0.0707659721375,0.00464415550232,0.0255544185638,0.0151968002319,0.0181214809418,0.12842464447,0.366638660431,2527,2521,8107,1109,2527,2521,8107,1109,201064,116456,116508
UL_LAT_BD,2017-03-03 16:16:05.922956,1.2773630619,0.757958889008,0.037585735321,0.212683677673,0.138945817947,0.0376806259155,0.0831429958344,0.0707998275757,0.00464820861816,0.025571346283,0.0152058601379,0.0181214809418,0.128525257111,0.366682529449,2529,2523,8115,1110,2529,2523,8115,1110,201216,116544,116628
UL_LAT_BD,2017-03-03 16:16:06.025044,1.27821063995,0.75829076767,0.0376007556915,0.212863683701,0.139052867889,0.0377290248871,0.083194732666,0.0708699226379,0.00465106964111,0.0255935192108,0.0152189731598,0.0181465148926,0.128614187241,0.366723537445,2531,2525,8122,1111,2531,2525,8122,1111,201384,116640,116732
DL_LAT_BD,2017-03-03 16:16:06.062684,103,0,0,0
UL_LAT_BD,2017-03-03 16:16:06.126944,1.27922058105,0.758791208267,0.0377540588379,0.213083744049,0.139209985733,0.037769317627,0.0832977294922,0.0709300041199,0.0046591758728,0.025618314743,0.0152351856232,0.0181465148926,0.128697395325,0.366756677628,2534,2528,8128,1112,2534,2528,8128,1112,201628,116788,116832
UL_LAT_BD,2017-03-03 16:16:06.229053,1.28038072586,0.759112119675,0.0377740859985,0.21323466301,0.139299869537,0.0377962589264,0.083352804184,0.0709900856018,0.00466322898865,0.0256562232971,0.0152471065521,0.0181465148926,0.128804445267,0.366789579391,2536,2530,8136,1113,2536,2530,8136,1113,201780,116876,116936
UL_LAT_BD,2017-03-03 16:16:06.330819,1.28120613098,0.759370803833,0.0377917289734,0.213351488113,0.139382839203,0.0378234386444,0.0834045410156,0.0710229873657,0.00466537475586,0.0256721973419,0.0152571201324,0.0181465148926,0.128870248795,0.366840600967,2538,2532,8142,1114,2538,2532,8142,1114,201948,116972,117036
UL_LAT_BD,2017-03-03 16:16:06.432920,1.28209447861,0.759665489197,0.0378046035767,0.213486433029,0.139452934265,0.0378420352936,0.0834484100342,0.0710859298706,0.00466728210449,0.0256900787354,0.0152699947357,0.0181684494019,0.128969669342,0.366878509521,2540,2534,8149,1115,2540,2534,8149,1115,202100,117060,117160
UL_LAT_BD,2017-03-03 16:16:06.535132,1.2830593586,0.759971141815,0.0378265380859,0.213655233383,0.139573097229,0.0378770828247,0.0835223197937,0.0711326599121,0.00467205047607,0.0257120132446,0.0152850151062,0.0181684494019,0.129044294357,0.366909503937,2543,2537,8156,1116,2543,2537,8156,1116,202344,117200,117260
UL_LAT_BD,2017-03-03 16:16:06.636923,1.28388333321,0.760205030441,0.0378403663635,0.213763475418,0.139647006989,0.037899017334,0.0835680961609,0.0711658000946,0.0046763420105,0.0257277488708,0.0152950286865,0.0181684494019,0.129117250443,0.366942644119,2545,2539,8163,1117,2545,2539,8163,1117,202496,117288,117364
UL_LAT_BD,2017-03-03 16:16:06.739150,1.28582072258,0.760905504227,0.0378541946411,0.214290380478,0.139725923538,0.0379238128662,0.0836203098297,0.0716109275818,0.00468230247498,0.0257637500763,0.0153069496155,0.0185513496399,0.129222154617,0.366989612579,2547,2541,8169,1118,2547,2541,8169,1118,202648,117376,117464
UL_LAT_BD,2017-03-03 16:16:06.840841,1.28668069839,0.761195421219,0.0378694534302,0.214430332184,0.139810800552,0.037948846817,0.0836751461029,0.0716640949249,0.00468635559082,0.0258088111877,0.0153079032898,0.0185513496399,0.129307031631,0.367032766342,2549,2543,8176,1119,2549,2543,8176,1119,202816,117472,117568
UL_LAT_BD,2017-03-03 16:16:06.942924,1.2877676487,0.761606931686,0.0379333496094,0.214629411697,0.139966011047,0.0379936695099,0.0837731361389,0.0717041492462,0.00469160079956,0.0258316993713,0.015310049057,0.0185513496399,0.129395246506,0.367081880569,2552,2546,8184,1120,2552,2546,8184,1120,203060,117612,117668
UL_LAT_BD,2017-03-03 16:16:07.045175,1.28876781464,0.761892318726,0.0379512310028,0.214755535126,0.140065193176,0.0380170345306,0.0838401317596,0.071729183197,0.00469565391541,0.0258455276489,0.0153119564056,0.0185513496399,0.129491329193,0.367116928101,2554,2548,8192,1121,2554,2548,8192,1121,203212,117700,117772
UL_LAT_BD,2017-03-03 16:16:07.147014,1.28983306885,0.762202501297,0.0379712581635,0.214918613434,0.140166282654,0.0380449295044,0.0839014053345,0.0717883110046,0.00469970703125,0.0258593559265,0.0153479576111,0.0185513496399,0.129574775696,0.367151975632,2556,2550,8199,1122,2556,2550,8199,1122,203364,117796,117872
UL_LAT_BD,2017-03-03 16:16:07.249054,1.29112625122,0.762557268143,0.0379931926727,0.215074539185,0.140288352966,0.0380804538727,0.0839781761169,0.0718212127686,0.00470471382141,0.0258784294128,0.0153510570526,0.0185513496399,0.129697799683,0.367194890976,2559,2553,8207,1123,2559,2553,8207,1123,203608,117936,117976
DL_LAT_BD,2017-03-03 16:16:07.062734,103,0,0,0
UL_LAT_BD,2017-03-03 16:16:07.350820,1.29224586487,0.762974023819,0.0381453037262,0.215189695358,0.140373468399,0.0381035804749,0.0840303897858,0.0718483924866,0.00470995903015,0.0258941650391,0.0153532028198,0.0185513496399,0.129793405533,0.367236852646,2561,2555,8214,1124,2561,2555,8214,1124,203760,118024,118076
UL_LAT_BD,2017-03-03 16:16:07.452966,1.29323983192,0.763285398483,0.0381631851196,0.215349674225,0.140473365784,0.0381348133087,0.0840923786163,0.0719075202942,0.00471329689026,0.0259070396423,0.0153911113739,0.0185513496399,0.129885196686,0.367270946503,2563,2557,8221,1125,2563,2557,8221,1125,203928,118120,118180
UL_LAT_BD,2017-03-03 16:16:07.555046,1.2940864563,0.763517379761,0.0381772518158,0.215447664261,0.140545368195,0.0381569862366,0.0841364860535,0.0719306468964,0.00471544265747,0.0259220600128,0.0153930187225,0.0185513496399,0.129964351654,0.367305040359,2565,2559,8228,1126,2565,2559,8228,1126,204080,118208,118280
UL_LAT_BD,2017-03-03 16:16:07.656929,1.29573130608,0.763910531998,0.0382566452026,0.215610742569,0.140671491623,0.0381948947906,0.0842154026031,0.0719635486603,0.00472140312195,0.0259420871735,0.0153970718384,0.0185513496399,0.13006734848,0.367340087891,2568,2562,8236,1127,2568,2562,8236,1127,204324,118348,118384
