UL_LAT_BD,2017-03-03 16:15:10.843037,0.653776884079,0.544179201126,0.0201201438904,0.106787919998,0.0704612731934,0.0201559066772,0.0420603752136,0.034738779068,0.0022656917572,0.011759519577,0.00792932510376,0.00915884971619,0.0700147151947,0.340486526489,1297,1294,4112,570,1297,1294,4112,570,103096,59784,60016
UL_LAT_BD,2017-03-03 16:15:10.945136,0.655633926392,0.544570446014,0.0201361179352,0.106939077377,0.0705432891846,0.0201778411865,0.0421113967896,0.0348069667816,0.00226902961731,0.0117793083191,0.00794243812561,0.00918579101562,0.0701775550842,0.34053850174,1299,1296,4119,571,1299,1296,4119,571,103264,59880,60116
UL_LAT_BD,2017-03-03 16:15:11.046915,0.65665435791,0.544883728027,0.020158290863,0.107109308243,0.0706615447998,0.0202147960663,0.0421838760376,0.0348558425903,0.00227499008179,0.0118002891541,0.00795841217041,0.00918579101562,0.070255279541,0.340573549271,1302,1299,4127,572,1302,1299,4127,572,103492,60024,60240
UL_LAT_BD,2017-03-03 16:15:11.149045,0.657641172409,0.545153617859,0.0201771259308,0.107227563858,0.0707447528839,0.0202403068542,0.0422356128693,0.0348877906799,0.00227689743042,0.0118153095245,0.00796842575073,0.00918579101562,0.070342540741,0.340613365173,1304,1301,4134,573,1304,1301,4134,573,103660,60120,60360
DL_LAT_BD,2017-03-03 16:15:11.062087,103,0,0,0
UL_LAT_BD,2017-03-03 16:15:11.250880,0.65839600563,0.545405864716,0.0201942920685,0.107361555099,0.0708348751068,0.0202665328979,0.0422918796539,0.0349276065826,0.00228071212769,0.0118341445923,0.00798153877258,0.00918579101562,0.0703997612,0.340650320053,1306,1303,4139,574,1306,1303,4139,574,103812,60208,60464
UL_LAT_BD,2017-03-03 16:15:11.352879,0.659310102463,0.54571557045,0.0202090740204,0.107513427734,0.0709207057953,0.020289182663,0.0423457622528,0.0349905490875,0.00228357315063,0.0118539333344,0.00799441337585,0.0092089176178,0.0705018043518,0.340682268143,1308,1305,4147,575,1308,1305,4147,575,103980,60304,60564
UL_LAT_BD,2017-03-03 16:15:11.455057,0.660358905792,0.54603266716,0.0202324390411,0.107670307159,0.0710275173187,0.020320892334,0.0424115657806,0.035035610199,0.0022885799408,0.0118737220764,0.00800848007202,0.0092089176178,0.0706017017365,0.340709209442,1311,1308,4155,576,1311,1308,4155,576,104208,60436,60648
UL_LAT_BD,2017-03-03 16:15:11.556917,0.661263227463,0.54631280899,0.0202484130859,0.107787370682,0.0711116790771,0.0203461647034,0.0424654483795,0.0350666046143,0.00229048728943,0.0118889808655,0.00801849365234,0.0092089176178,0.0707070827484,0.340741157532,1313,1310,4163,577,1313,1310,4163,577,104376,60532,60748
UL_LAT_BD,2017-03-03 16:15:11.659040,0.663422822952,0.546705961227,0.0202634334564,0.108006477356,0.0712065696716,0.0203740596771,0.0425233840942,0.0351877212524,0.00229668617249,0.0119178295135,0.00803637504578,0.00927090644836,0.0708103179932,0.34078502655,1315,1312,4172,578,1315,1312,4172,578,104528,60620,60872
UL_LAT_BD,2017-03-03 16:15:11.760881,0.664321899414,0.54701089859,0.0202803611755,0.10817861557,0.0713107585907,0.0204012393951,0.0425791740417,0.0352537631989,0.00230073928833,0.0119345188141,0.00805139541626,0.00927090644836,0.0708825588226,0.340820074081,1317,1314,4179,579,1317,1314,4179,579,104696,60716,60956
UL_LAT_BD,2017-03-03 16:15:11.863006,0.665516138077,0.547394037247,0.0203585624695,0.108355522156,0.0714335441589,0.0204334259033,0.0426580905914,0.0353038311005,0.00231289863586,0.011955499649,0.00806355476379,0.00927090644836,0.070967912674,0.34085392952,1320,1317,4186,580,1320,1317,4186,580,104924,60848,61060
UL_LAT_BD,2017-03-03 16:15:11.965061,0.666417121887,0.547679424286,0.02037358284,0.108478546143,0.0715174674988,0.0204582214355,0.0427093505859,0.0353419780731,0.00231695175171,0.0119755268097,0.00807547569275,0.00927090644836,0.0710604190826,0.340894937515,1322,1319,4194,581,1322,1319,4194,581,105076,60936,61160
UL_LAT_BD,2017-03-03 16:15:12.066919,0.667748212814,0.548027992249,0.0203895568848,0.108642578125,0.0715985298157,0.0204811096191,0.0427598953247,0.0354228019714,0.00231981277466,0.0120096206665,0.00808835029602,0.00929498672485,0.0711872577667,0.340929985046,1324,1321,4200,582,1324,1321,4200,582,105244,61032,61284
DL_LAT_BD,2017-03-03 16:15:12.062118,103,0,0,0
UL_LAT_BD,2017-03-03 16:15:12.169039,0.668744087219,0.548323154449,0.0204117298126,0.10880947113,0.071706533432,0.0205142498016,0.0428268909454,0.0354797840118,0.00232481956482,0.0120277404785,0.00811648368835,0.00929498672485,0.0712521076202,0.340961933136,1327,1324,4206,583,1327,1324,4206,583,105472,61172,61384
UL_LAT_BD,2017-03-03 16:15:12.270869,0.669674873352,0.548630237579,0.0204286575317,0.108970403671,0.0718085765839,0.0205461978912,0.042891740799,0.0355365276337,0.00232863426208,0.0120489597321,0.00812840461731,0.00929498672485,0.0713393688202,0.3409948349,1329,1326,4212,584,1329,1326,4212,584,105640,61268,61488
UL_LAT_BD,2017-03-03 16:15:12.372987,0.67057299614,0.548925161362,0.0204515457153,0.109119415283,0.0718777179718,0.0205683708191,0.0429348945618,0.0356135368347,0.00233054161072,0.0120701789856,0.00814127922058,0.00933003425598,0.0714247226715,0.34102678299,1331,1328,4220,585,1331,1328,4220,585,105792,61356,61588
UL_LAT_BD,2017-03-03 16:15:12.475122,0.671741008759,0.549213647842,0.0204706192017,0.109240055084,0.071962594986,0.0205938816071,0.0429902076721,0.0356454849243,0.00233244895935,0.0120859146118,0.0081512928009,0.00933003425598,0.0715246200562,0.341066837311,1333,1330,4230,586,1333,1330,4230,586,105960,61452,61692
UL_LAT_BD,2017-03-03 16:15:12.576949,0.672738552094,0.549493312836,0.0204904079437,0.109392404556,0.0720686912537,0.0206260681152,0.0430581569672,0.0356884002686,0.00233554840088,0.0121026039124,0.00816535949707,0.00933003425598,0.0715906620026,0.341101884842,1336,1333,4236,587,1336,1333,4236,587,106188,61584,61792
UL_LAT_BD,2017-03-03 16:15:12.679045,0.673690319061,0.549727916718,0.0205063819885,0.10951423645,0.0721573829651,0.0206496715546,0.0431172847748,0.0357205867767,0.00233864784241,0.0121183395386,0.00817346572876,0.00933003425598,0.0716485977173,0.341132879257,1338,1335,4242,588,1338,1335,4242,588,106340,61672,61896
UL_LAT_BD,2017-03-03 16:15:12.780794,0.674666404724,0.550064086914,0.0205614566803,0.109661340714,0.0722362995148,0.0206735134125,0.0431673526764,0.035787820816,0.00234055519104,0.0121405124664,0.00818634033203,0.00935316085815,0.0717406272888,0.341167926788,1340,1337,4249,589,1340,1337,4249,589,106508,61768,61996
UL_LAT_BD,2017-03-03 16:15:12.883018,0.675555467606,0.550289154053,0.0205736160278,0.109760046005,0.0723061561584,0.0206937789917,0.0432121753693,0.0358147621155,0.00234270095825,0.0121502876282,0.00819635391235,0.00935316085815,0.0718147754669,0.341198921204,1342,1339,4256,590,1342,1339,4256,590,106660,61856,62100
UL_LAT_BD,2017-03-03 16:15:12.985123,0.676718950272,0.550612211227,0.0206017494202,0.109928131104,0.0724241733551,0.0207290649414,0.0432863235474,0.0358610153198,0.00234866142273,0.012172460556,0.00820922851562,0.00935316085815,0.0718939304352,0.341242790222,1345,1342,4263,591,1345,1342,4263,591,106904,61996,62200
UL_LAT_BD,2017-03-03 16:15:13.086917,0.677515745163,0.551139354706,0.0206165313721,0.110323190689,0.0726082324982,0.0207569599152,0.0434334278107,0.0360701084137,0.00235271453857,0.0121955871582,0.00822305679321,0.00951528549194,0.071962594986,0.341282844543,1347,1344,4270,592,1347,1344,4270,592,107056,62092,62304
