UL_LAT_BD,2017-03-03 16:14:35.755116,0.268429040909,0.0940701961517,0.0079927444458,0.0456907749176,0.0324091911316,0.00991868972778,0.0177073478699,0.0127141475677,0.000852346420288,0.0047013759613,0.0030665397644,0.00268626213074,0.0286540985107,0.00942182540894,511,510,1619,226,511,510,1619,226,40564,23536,23716
UL_LAT_BD,2017-03-03 16:14:35.856917,0.269478797913,0.0945012569427,0.00801348686218,0.0459625720978,0.0325312614441,0.00995302200317,0.0177836418152,0.0128610134125,0.000855207443237,0.00472044944763,0.00310873985291,0.00273513793945,0.0287401676178,0.00946164131165,514,513,1627,227,514,513,1627,227,40808,23676,23816
UL_LAT_BD,2017-03-03 16:14:35.959095,0.270269632339,0.0948173999786,0.00808644294739,0.0460646152496,0.0326073169708,0.00997376441956,0.0178306102753,0.0128860473633,0.000859022140503,0.004727602005,0.00311875343323,0.00273513793945,0.0288395881653,0.00949454307556,516,515,1633,228,516,515,1633,228,40960,23764,23920
UL_LAT_BD,2017-03-03 16:14:36.060770,0.27167391777,0.0952527523041,0.00822257995605,0.0462286472321,0.0327184200287,0.0100150108337,0.0178918838501,0.0129351615906,0.000863075256348,0.00475168228149,0.00313687324524,0.00273513793945,0.0289342403412,0.00952744483948,518,517,1640,229,518,517,1640,229,41112,23852,24024
DL_LAT_BD,2017-03-03 16:14:36.061957,103,0,0,0
UL_LAT_BD,2017-03-03 16:14:36.162953,0.272568225861,0.0955371856689,0.00823760032654,0.0463578701019,0.0328187942505,0.0100450515747,0.0179505348206,0.01296210289,0.000865936279297,0.00475883483887,0.00314807891846,0.00273513793945,0.029016494751,0.00957322120667,520,519,1647,230,520,519,1647,230,41280,23956,24128
UL_LAT_BD,2017-03-03 16:14:36.265148,0.273710012436,0.0960631370544,0.00843954086304,0.046532869339,0.0329456329346,0.010082244873,0.0180284976959,0.0130081176758,0.000871896743774,0.00478076934814,0.00316309928894,0.00273513793945,0.0291221141815,0.00960516929626,523,522,1655,231,523,522,1655,231,41524,24100,24228
UL_LAT_BD,2017-03-03 16:14:36.366898,0.274607658386,0.0964031219482,0.00851368904114,0.0466728210449,0.0330166816711,0.010103225708,0.0180733203888,0.0130732059479,0.000874042510986,0.00479984283447,0.00317716598511,0.00276112556458,0.0292041301727,0.00964212417603,525,524,1662,232,525,524,1662,232,41676,24188,24332
UL_LAT_BD,2017-03-03 16:14:36.469119,0.275513410568,0.0967133045197,0.00858569145203,0.0468027591705,0.0331077575684,0.0101289749146,0.0181305408478,0.013111114502,0.000876903533936,0.00481796264648,0.00318837165833,0.00276112556458,0.0292720794678,0.0096743106842,527,526,1668,233,527,526,1668,233,41844,24284,24432
UL_LAT_BD,2017-03-03 16:14:36.570858,0.276459217072,0.097044467926,0.00860571861267,0.0469217300415,0.0331778526306,0.0101470947266,0.0181746482849,0.013158082962,0.000879764556885,0.00483012199402,0.00321626663208,0.00276112556458,0.0294201374054,0.00970721244812,529,528,1676,234,529,528,1676,234,41996,24372,24536
UL_LAT_BD,2017-03-03 16:14:36.672972,0.277842998505,0.0974464416504,0.00862979888916,0.0471577644348,0.0333609580994,0.0102150440216,0.0182778835297,0.013209104538,0.000884771347046,0.00485324859619,0.00323104858398,0.00276112556458,0.0295062065125,0.00975227355957,532,531,1683,235,532,531,1683,235,42240,24512,24636
UL_LAT_BD,2017-03-03 16:14:36.775102,0.281323194504,0.0978751182556,0.00864267349243,0.0473909378052,0.0334539413452,0.0102436542511,0.0183355808258,0.0133464336395,0.000890970230103,0.00488233566284,0.00324892997742,0.00282621383667,0.0296177864075,0.00981330871582,534,533,1691,236,534,533,1691,236,42392,24600,24760
UL_LAT_BD,2017-03-03 16:14:36.876925,0.28208565712,0.0980932712555,0.00865578651428,0.0474960803986,0.0335311889648,0.0102665424347,0.0183825492859,0.013373374939,0.000893831253052,0.00489354133606,0.00325703620911,0.00282621383667,0.0296835899353,0.00984144210815,536,535,1697,237,536,535,1697,237,42544,24688,24844
UL_LAT_BD,2017-03-03 16:14:36.979087,0.28325009346,0.0984561443329,0.00868105888367,0.047666311264,0.0336501598358,0.0103049278259,0.0184581279755,0.0134227275848,0.000898122787476,0.00491738319397,0.00327205657959,0.00282621383667,0.0297958850861,0.00988435745239,539,538,1705,238,539,538,1705,238,42788,24828,24948
UL_LAT_BD,2017-03-03 16:14:37.080857,0.284145355225,0.0989382266998,0.00881791114807,0.0478496551514,0.0337522029877,0.0103449821472,0.0185089111328,0.0135028362274,0.000900268554688,0.00494837760925,0.00328493118286,0.00285029411316,0.0299136638641,0.00991725921631,541,540,1713,239,541,540,1713,239,42956,24932,25052
UL_LAT_BD,2017-03-03 16:14:37.182950,0.285073757172,0.0992648601532,0.00889182090759,0.0479629039764,0.0338311195374,0.0103673934937,0.0185587406158,0.0135338306427,0.00090217590332,0.00496315956116,0.00329494476318,0.00285029411316,0.0300016403198,0.00996112823486,543,542,1720,240,543,542,1720,240,43124,25028,25176
DL_LAT_BD,2017-03-03 16:14:37.062734,103,0,0,0
UL_LAT_BD,2017-03-03 16:14:37.285140,0.285878658295,0.0995683670044,0.00894284248352,0.0480859279633,0.0339150428772,0.0103962421417,0.0186107158661,0.0135700702667,0.000906229019165,0.00497794151306,0.00330710411072,0.00285029411316,0.0300731658936,0.00999808311462,545,544,1726,241,545,544,1726,241,43276,25116,25296
UL_LAT_BD,2017-03-03 16:14:37.386862,0.287009239197,0.0999600887299,0.00902915000916,0.0482547283173,0.034029006958,0.0104293823242,0.0186815261841,0.0136210918427,0.00091028213501,0.00500297546387,0.0033221244812,0.00285029411316,0.0301682949066,0.0100319385529,548,547,1734,242,548,547,1734,242,43504,25248,25400
UL_LAT_BD,2017-03-03 16:14:37.489050,0.288061380386,0.100516557693,0.00917315483093,0.0485236644745,0.0341327190399,0.0104594230652,0.0187466144562,0.0137844085693,0.000914573669434,0.00504493713379,0.00334024429321,0.00294137001038,0.0302472114563,0.010086774826,550,549,1741,243,550,549,1741,243,43672,25344,25500
UL_LAT_BD,2017-03-03 16:14:37.590876,0.288943529129,0.100905656815,0.00925922393799,0.0486607551575,0.0342338085175,0.0104863643646,0.0188133716583,0.0138163566589,0.000918388366699,0.00505590438843,0.00335335731506,0.00294137001038,0.0303561687469,0.0101346969604,552,551,1749,244,552,551,1749,244,43824,25432,25604
