UL_LAT_BD,2017-03-03 16:15:24.510827,0.808276414871,0.593490600586,0.0246336460114,0.132602214813,0.0869655609131,0.0240907669067,0.0504562854767,0.0437297821045,0.00277638435364,0.0143921375275,0.00982785224915,0.0120904445648,0.0825953483582,0.345525026321,1609,1603,5104,704,1609,1603,5104,704,127652,73964,74160
UL_LAT_BD,2017-03-03 16:15:24.612978,0.809279203415,0.594247817993,0.0247282981873,0.132840156555,0.0871126651764,0.0241138935089,0.0505740642548,0.0438046455383,0.00277948379517,0.0144152641296,0.00984287261963,0.0121164321899,0.0827302932739,0.345803976059,1611,1605,5113,705,1611,1605,5113,705,127804,74052,74280
UL_LAT_BD,2017-03-03 16:15:24.715145,0.810268163681,0.594498872757,0.0247442722321,0.132942199707,0.0871815681458,0.0241346359253,0.0506176948547,0.0438346862793,0.00278258323669,0.0144293308258,0.00985193252563,0.0121164321899,0.082825422287,0.3458340168,1613,1607,5120,706,1613,1607,5120,706,127956,74140,74364
UL_LAT_BD,2017-03-03 16:15:24.816920,0.811807394028,0.594829797745,0.024765253067,0.133124351501,0.087310552597,0.0241749286652,0.0506975650787,0.0438838005066,0.0027904510498,0.0144512653351,0.00986504554749,0.0121164321899,0.0829088687897,0.345866918564,1616,1610,5128,707,1616,1610,5128,707,128200,74280,74464
UL_LAT_BD,2017-03-03 16:15:24.918940,0.813004255295,0.595108509064,0.0247821807861,0.133244276047,0.0873966217041,0.0242025852203,0.0507509708405,0.0439167022705,0.00279331207275,0.0144665241241,0.00987410545349,0.0121164321899,0.0830078125,0.345901727676,1618,1612,5135,708,1618,1612,5135,708,128368,74376,74568
UL_LAT_BD,2017-03-03 16:15:25.020884,0.813892602921,0.595384836197,0.0247974395752,0.13338637352,0.0874676704407,0.0242233276367,0.050794839859,0.0439867973328,0.00279641151428,0.0144855976105,0.00988721847534,0.0121455192566,0.0830850601196,0.345932722092,1620,1614,5142,709,1620,1614,5142,709,128520,74464,74668
UL_LAT_BD,2017-03-03 16:15:25.122985,0.814786911011,0.59566450119,0.0248112678528,0.133529424667,0.0875627994537,0.0242512226105,0.0508551597595,0.0440318584442,0.00280141830444,0.0144996643066,0.00990533828735,0.0121455192566,0.0831673145294,0.345964670181,1622,1616,5148,710,1622,1616,5148,710,128672,74560,74772
UL_LAT_BD,2017-03-03 16:15:25.225069,0.818239450455,0.596045732498,0.0248334407806,0.133720397949,0.0877015590668,0.0243005752563,0.0509321689606,0.0440797805786,0.00280737876892,0.0145235061646,0.0099184513092,0.0121455192566,0.0832974910736,0.345995664597,1625,1619,5156,711,1625,1619,5156,711,128900,74692,74872
DL_LAT_BD,2017-03-03 16:15:25.062761,103,0,0,0
UL_LAT_BD,2017-03-03 16:15:25.326983,0.819034576416,0.596394538879,0.0249094963074,0.133887529373,0.0877945423126,0.0243303775787,0.0509884357452,0.0441517829895,0.00281023979187,0.0145447254181,0.00993132591248,0.0121736526489,0.0833494663239,0.346040725708,1627,1621,5161,712,1627,1621,5161,712,129068,74800,74992
UL_LAT_BD,2017-03-03 16:15:25.428947,0.819852828979,0.596835851669,0.0249826908112,0.134117603302,0.0879797935486,0.0243563652039,0.0511393547058,0.0441937446594,0.00281620025635,0.0145628452301,0.00994324684143,0.0121736526489,0.0834445953369,0.346076726913,1629,1623,5168,713,1629,1623,5168,713,129220,74888,75092
UL_LAT_BD,2017-03-03 16:15:25.530827,0.821486949921,0.597081899643,0.024998664856,0.13423037529,0.0880627632141,0.0243813991547,0.0511934757233,0.0442216396332,0.0028190612793,0.0145738124847,0.00995326042175,0.0121736526489,0.0835137367249,0.34611582756,1631,1625,5175,714,1631,1625,5175,714,129388,74984,75196
UL_LAT_BD,2017-03-03 16:15:25.632960,0.822503328323,0.597414016724,0.0250296592712,0.134409427643,0.0881879329681,0.0244164466858,0.0512723922729,0.0442733764648,0.00282430648804,0.014598608017,0.00996923446655,0.0121736526489,0.0835947990417,0.34614777565,1634,1628,5183,715,1634,1628,5183,715,129632,75124,75296
UL_LAT_BD,2017-03-03 16:15:25.735122,0.823360204697,0.597701311111,0.0250487327576,0.134575605392,0.0882589817047,0.0244364738464,0.0513174533844,0.0443651676178,0.00282621383667,0.014618396759,0.00998330116272,0.0122227668762,0.0836575031281,0.346179962158,1636,1630,5189,716,1636,1630,5189,716,129784,75212,75400
UL_LAT_BD,2017-03-03 16:15:25.836919,0.824326276779,0.597980260849,0.0250685214996,0.134679555893,0.0883319377899,0.0244565010071,0.0513634681702,0.0443933010101,0.00282835960388,0.0146312713623,0.00999116897583,0.0122227668762,0.083756685257,0.346227884293,1638,1632,5196,717,1638,1632,5196,717,129936,75300,75500
UL_LAT_BD,2017-03-03 16:15:25.939044,0.825405597687,0.598367452621,0.0250914096832,0.13488650322,0.0884668827057,0.0244972705841,0.0514478683472,0.0444595813751,0.00283336639404,0.0146851539612,0.00999331474304,0.0122227668762,0.0838396549225,0.346289873123,1641,1635,5204,718,1641,1635,5204,718,130180,75440,75604
UL_LAT_BD,2017-03-03 16:15:26.040931,0.826412916183,0.598629951477,0.0251083374023,0.134996414185,0.0885517597198,0.0245223045349,0.0515019893646,0.0444827079773,0.00283646583557,0.0146970748901,0.00999450683594,0.0122227668762,0.0839376449585,0.346320867538,1643,1637,5212,719,1643,1637,5212,719,130332,75528,75704
UL_LAT_BD,2017-03-03 16:15:26.142952,0.827342748642,0.599022626877,0.0251235961914,0.135133504868,0.0886609554291,0.0245523452759,0.0515699386597,0.0445086956024,0.00284123420715,0.0147113800049,0.00999736785889,0.0122227668762,0.0841400623322,0.346354007721,1645,1639,5220,720,1645,1639,5220,720,130500,75636,75808
DL_LAT_BD,2017-03-03 16:15:26.062732,103,0,0,0
UL_LAT_BD,2017-03-03 16:15:26.245188,0.828266382217,0.599333286285,0.0251364707947,0.13529920578,0.0887517929077,0.0245792865753,0.0516269207001,0.0445816516876,0.00284624099731,0.014725446701,0.0100462436676,0.0122227668762,0.0842237472534,0.346395015717,1647,1641,5228,721,1647,1641,5228,721,130652,75724,75908
UL_LAT_BD,2017-03-03 16:15:26.346926,0.829344511032,0.599658966064,0.025158405304,0.135458230972,0.0888788700104,0.0246217250824,0.0517010688782,0.0446135997772,0.00285029411316,0.0147445201874,0.0100493431091,0.0122227668762,0.0843226909637,0.346428155899,1650,1644,5237,722,1650,1644,5237,722,130896,75864,76012
UL_LAT_BD,2017-03-03 16:15:26.449042,0.8313331604,0.599923372269,0.0251803398132,0.135565042496,0.0889618396759,0.0246477127075,0.0517551898956,0.0446345806122,0.00285339355469,0.0147576332092,0.0100502967834,0.0122227668762,0.0844125747681,0.346469163895,1652,1646,5245,723,1652,1646,5245,723,131064,75960,76112
UL_LAT_BD,2017-03-03 16:15:26.550824,0.832027673721,0.600236415863,0.0252294540405,0.135727882385,0.0890610218048,0.0246727466583,0.0518217086792,0.0446963310242,0.00285720825195,0.0147657394409,0.0100963115692,0.0122227668762,0.0844745635986,0.3465051651,1654,1648,5251,724,1654,1648,5251,724,131216,76048,76236
UL_LAT_BD,2017-03-03 16:15:26.652970,0.832845449448,0.600506544113,0.0252454280853,0.135857820511,0.0891559123993,0.0247013568878,0.0518817901611,0.0447301864624,0.00286197662354,0.0147860050201,0.0100984573364,0.0122227668762,0.0845487117767,0.346545219421,1656,1650,5257,725,1656,1650,5257,725,131368,76136,76336
