UL_LAT_BD,2017-03-03 16:18:06.327881,2.63470768929,1.22139501572,0.0795166492462,0.434387683868,0.277105569839,0.080073595047,0.168565034866,0.151031970978,0.010128736496,0.0519235134125,0.0323424339294,0.0377924442291,0.25005030632,0.427674055099,5199,5207,16070,2303,5199,5207,16070,2303,414052,249108,252412
UL_LAT_BD,2017-03-03 16:18:06.430003,2.63568496704,1.22170448303,0.0795304775238,0.434513568878,0.277200698853,0.0801024436951,0.168620586395,0.1510617733,0.0101325511932,0.05193567276,0.0323524475098,0.0377924442291,0.250139951706,0.427744150162,5201,5209,16077,2304,5201,5209,16077,2304,414204,249212,252548
UL_LAT_BD,2017-03-03 16:18:06.531861,2.63669013977,1.22198009491,0.07954621315,0.434635400772,0.277282476425,0.0801246166229,0.168671607971,0.151100873947,0.0101363658905,0.0519547462463,0.0323646068573,0.0377924442291,0.250228881836,0.427783250809,5203,5211,16083,2305,5203,5211,16083,2305,414356,249300,252672
UL_LAT_BD,2017-03-03 16:18:06.634046,2.63849401474,1.22543072701,0.0795700550079,0.437939405441,0.27744269371,0.0801751613617,0.168766260147,0.154240846634,0.0101430416107,0.0520036220551,0.0323855876923,0.0408475399017,0.250304937363,0.427819252014,5206,5214,16090,2306,5206,5214,16090,2306,414600,249444,252772
UL_LAT_BD,2017-03-03 16:18:06.735786,2.63928818703,1.22572112083,0.0795841217041,0.438095569611,0.277537822723,0.0802021026611,0.168825149536,0.154299974442,0.010153055191,0.052033662796,0.0323987007141,0.0408475399017,0.250378847122,0.42785525322,5208,5216,16096,2307,5208,5216,16096,2307,414752,249532,252872
UL_LAT_BD,2017-03-03 16:18:06.837931,2.64027047157,1.22616481781,0.0796051025391,0.438366413116,0.277768850327,0.080263376236,0.168982744217,0.154336929321,0.0101590156555,0.0520489215851,0.0324096679688,0.0408475399017,0.250477790833,0.42790222168,5210,5218,16102,2308,5210,5218,16102,2308,414920,249652,253016
UL_LAT_BD,2017-03-03 16:18:06.940106,2.64102816582,1.22640562057,0.0796182155609,0.438481330872,0.277848958969,0.0802874565125,0.169033765793,0.154368877411,0.0101628303528,0.0520648956299,0.0324196815491,0.0408475399017,0.250549793243,0.427937269211,5212,5220,16108,2309,5212,5220,16108,2309,415072,249740,253116
UL_LAT_BD,2017-03-03 16:18:07.041892,2.64227223396,1.2269244194,0.0796451568604,0.438804388046,0.277995824814,0.0803325176239,0.169121980667,0.154544115067,0.0101683139801,0.0520946979523,0.0324416160583,0.0409555435181,0.250629901886,0.428016424179,5215,5223,16114,2310,5215,5223,16114,2310,415316,249904,253236
UL_LAT_BD,2017-03-03 16:18:07.144051,2.64316415787,1.22716999054,0.0796632766724,0.438936471939,0.278096675873,0.0803644657135,0.169184923172,0.154573440552,0.0101723670959,0.0521075725555,0.0324504375458,0.0409555435181,0.250680923462,0.428054571152,5217,5225,16118,2311,5217,5225,16118,2311,415484,250004,253336
UL_LAT_BD,2017-03-03 16:18:07.245858,2.64413332939,1.22742390633,0.0796821117401,0.439046621323,0.278174877167,0.0803875923157,0.169233560562,0.154603242874,0.0101752281189,0.0521194934845,0.0324604511261,0.0409555435181,0.25075006485,0.428106546402,5219,5227,16123,2312,5219,5227,16123,2312,415636,250092,253456
DL_LAT_BD,2017-03-03 16:18:07.061837,103,0,0,0
UL_LAT_BD,2017-03-03 16:18:07.347880,2.64513683319,1.22772336006,0.0796990394592,0.439201831818,0.278251171112,0.0804109573364,0.169280529022,0.154680013657,0.0101771354675,0.0521388053894,0.032475233078,0.0409886837006,0.25083398819,0.428141593933,5221,5229,16130,2313,5221,5229,16130,2313,415788,250180,253560
UL_LAT_BD,2017-03-03 16:18:07.450113,2.64630675316,1.22813272476,0.0797970294952,0.439403772354,0.278405189514,0.0804617404938,0.169373512268,0.154726028442,0.0101821422577,0.0521578788757,0.0324902534485,0.0409886837006,0.250901937485,0.428174734116,5224,5232,16135,2314,5224,5232,16135,2314,416032,250320,253644
UL_LAT_BD,2017-03-03 16:18:07.551901,2.64717340469,1.22840499878,0.0798149108887,0.439516782761,0.27848315239,0.0804846286774,0.169421672821,0.154760122299,0.0101852416992,0.0521728992462,0.0324990749359,0.0409886837006,0.25097823143,0.428227901459,5226,5234,16141,2315,5226,5234,16141,2315,416184,250408,253764
UL_LAT_BD,2017-03-03 16:18:07.654004,2.64797091484,1.22868466377,0.0798320770264,0.439652919769,0.278577327728,0.0805156230927,0.169477939606,0.154798984528,0.0101892948151,0.0521926879883,0.0325112342834,0.0409886837006,0.251055955887,0.428266763687,5228,5236,16147,2316,5228,5236,16147,2316,416352,250508,253860
UL_LAT_BD,2017-03-03 16:18:07.755862,2.64877676964,1.22901797295,0.0798492431641,0.439838886261,0.278683423996,0.080557346344,0.169533014297,0.154876947403,0.0101923942566,0.052214384079,0.0325253009796,0.0410215854645,0.251100063324,0.428348779678,5230,5238,16151,2317,5230,5238,16151,2317,416520,250636,254104
UL_LAT_BD,2017-03-03 16:18:07.857879,2.64986586571,1.22944879532,0.0798902511597,0.440070867538,0.278868436813,0.0806193351746,0.169643640518,0.154919862747,0.0101983547211,0.0522313117981,0.0325393676758,0.0410215854645,0.251215219498,0.428383827209,5233,5241,16159,2318,5233,5241,16159,2318,416748,250824,254204
UL_LAT_BD,2017-03-03 16:18:07.960106,2.65144133568,1.22974252701,0.0799062252045,0.440195083618,0.278952360153,0.0806446075439,0.169695615768,0.154955863953,0.0102024078369,0.0522472858429,0.0325503349304,0.0410215854645,0.251293182373,0.428453683853,5235,5243,16165,2319,5235,5243,16165,2319,416900,250920,254408
UL_LAT_BD,2017-03-03 16:18:08.061914,2.65267753601,1.23011827469,0.0799241065979,0.440406322479,0.279084444046,0.0806913375854,0.169767856598,0.155031681061,0.0102043151855,0.0522639751434,0.0325644016266,0.0410587787628,0.251367092133,0.428520679474,5237,5245,16171,2320,5237,5245,16171,2320,417068,251064,254616
UL_LAT_BD,2017-03-03 16:18:08.164052,2.65404319763,1.23064732552,0.0800452232361,0.440631628036,0.27926158905,0.0807545185089,0.169868946075,0.155075788498,0.0102083683014,0.0522818565369,0.0325791835785,0.0410587787628,0.251465320587,0.428596496582,5240,5248,16178,2321,5240,5248,16178,2321,417312,251268,254788
DL_LAT_BD,2017-03-03 16:18:08.061914,103,0,0,0
UL_LAT_BD,2017-03-03 16:18:08.265760,2.65490341187,1.23095726967,0.080060005188,0.440798521042,0.279373407364,0.0807917118073,0.16993188858,0.155129671097,0.0102124214172,0.052316904068,0.0325901508331,0.0410587787628,0.251529693604,0.42865228653,5242,5250,16183,2322,5242,5250,16183,2322,417464,251392,254964
UL_LAT_BD,2017-03-03 16:18:08.367914,2.65577220917,1.23134994507,0.0801448822021,0.440925598145,0.279465436935,0.0808248519897,0.169983625412,0.155160665512,0.0102162361145,0.0523309707642,0.0326001644135,0.0410587787628,0.251619577408,0.428734302521,5244,5252,16189,2323,5244,5252,16189,2323,417632,251500,255116
