UL_LAT_BD,2017-03-03 16:16:07.759071,1.29649782181,0.764165401459,0.0382704734802,0.21572971344,0.14076757431,0.0382375717163,0.084260225296,0.0719835758209,0.0047242641449,0.0259528160095,0.015398979187,0.0185513496399,0.13013958931,0.367381095886,2570,2564,8243,1128,2570,2564,8243,1128,204476,118436,118484
UL_LAT_BD,2017-03-03 16:16:07.860823,1.29745292664,0.764604568481,0.0383584499359,0.215894937515,0.140867710114,0.0382671356201,0.0843224525452,0.0720467567444,0.00472831726074,0.0259697437286,0.015408039093,0.0185794830322,0.130220174789,0.367420196533,2572,2566,8250,1129,2572,2566,8250,1129,204644,118532,118588
UL_LAT_BD,2017-03-03 16:16:07.962988,1.29833436012,0.765100717545,0.0384333133698,0.216167926788,0.140939712524,0.0382902622223,0.0843684673309,0.0721578598022,0.00473046302795,0.0259828567505,0.0154421329498,0.0186333656311,0.130307674408,0.367470264435,2574,2568,8257,1130,2574,2568,8257,1130,204796,118620,118708
UL_LAT_BD,2017-03-03 16:16:08.065119,1.29942297935,0.765782833099,0.0385715961456,0.216571807861,0.14114689827,0.0383272171021,0.0845284461975,0.0723516941071,0.00473546981812,0.0259971618652,0.0155689716339,0.0186743736267,0.130394697189,0.367513179779,2577,2571,8264,1131,2577,2571,8264,1131,205024,118760,118812
UL_LAT_BD,2017-03-03 16:16:08.166941,1.30026125908,0.766068935394,0.0385856628418,0.216690778732,0.141235113144,0.0383605957031,0.0845785140991,0.0723795890808,0.00473833084106,0.0260043144226,0.0155820846558,0.0186743736267,0.130504369736,0.36754822731,2579,2573,8273,1132,2579,2573,8273,1132,205176,118848,118896
DL_LAT_BD,2017-03-03 16:16:08.061971,103,0,0,0
UL_LAT_BD,2017-03-03 16:16:08.269050,1.30112409592,0.766314268112,0.0386016368866,0.21680188179,0.141319990158,0.0383875370026,0.0846335887909,0.0724024772644,0.0047402381897,0.0260102748871,0.0155920982361,0.0186743736267,0.130579948425,0.367581129074,2581,2575,8281,1133,2581,2575,8281,1133,205344,118944,119000
UL_LAT_BD,2017-03-03 16:16:08.370891,1.30461549759,0.766597986221,0.0386157035828,0.2169008255,0.141391992569,0.0384066104889,0.0846786499023,0.0724284648895,0.00474333763123,0.0260202884674,0.0156021118164,0.0186743736267,0.130708456039,0.367615222931,2583,2577,8290,1134,2583,2577,8290,1134,205496,119032,119100
UL_LAT_BD,2017-03-03 16:16:08.472969,1.30572581291,0.767061710358,0.0386407375336,0.217127084732,0.141529321671,0.0384457111359,0.0847668647766,0.0725154876709,0.00476932525635,0.0260546207428,0.0156180858612,0.0186743736267,0.130804300308,0.367717266083,2586,2580,8298,1135,2586,2580,8298,1135,205740,119172,119224
UL_LAT_BD,2017-03-03 16:16:08.575044,1.30674219131,0.767605781555,0.0388467311859,0.217319965363,0.141634464264,0.0384776592255,0.0848317146301,0.0726003646851,0.0047721862793,0.026079416275,0.0156350135803,0.018705368042,0.130897521973,0.367758274078,2588,2582,8306,1136,2588,2582,8306,1136,205908,119268,119324
UL_LAT_BD,2017-03-03 16:16:08.676956,1.30763578415,0.768000125885,0.0390048027039,0.217436075211,0.141715526581,0.0385019779205,0.0848827362061,0.072633266449,0.00477409362793,0.0260925292969,0.015645980835,0.018705368042,0.130977630615,0.367788314819,2590,2584,8312,1137,2590,2584,8312,1137,206060,119356,119408
UL_LAT_BD,2017-03-03 16:16:08.779054,1.3087413311,0.768412828445,0.0390918254852,0.217613935471,0.141832828522,0.0385358333588,0.0849552154541,0.0726890563965,0.0047779083252,0.0261206626892,0.0156619548798,0.018705368042,0.131069421768,0.367832183838,2593,2587,8319,1138,2593,2587,8319,1138,206288,119488,119508
UL_LAT_BD,2017-03-03 16:16:08.880826,1.30971574783,0.768738985062,0.0391099452972,0.217785835266,0.141928672791,0.0385656356812,0.0850162506104,0.0727617740631,0.00478076934814,0.0261449813843,0.0156757831573,0.0187304019928,0.131161689758,0.36786699295,2595,2589,8327,1139,2595,2589,8327,1139,206456,119584,119612
UL_LAT_BD,2017-03-03 16:16:08.982979,1.3106648922,0.769096851349,0.0391829013824,0.217905759811,0.142009735107,0.0385885238647,0.0850684642792,0.0727987289429,0.00478410720825,0.0261616706848,0.0156879425049,0.0187304019928,0.131261587143,0.367922067642,2597,2591,8334,1140,2597,2591,8334,1140,206608,119672,119752
DL_LAT_BD,2017-03-03 16:16:09.062792,103,0,0,0
UL_LAT_BD,2017-03-03 16:16:09.085040,1.31187558174,0.769504308701,0.0393028259277,0.218020677567,0.142094612122,0.0386145114899,0.0851233005524,0.0728266239166,0.0047869682312,0.0261716842651,0.0156979560852,0.0187304019928,0.131383419037,0.367963075638,2599,2593,8344,1141,2599,2593,8344,1141,206776,119776,119856
UL_LAT_BD,2017-03-03 16:16:09.186893,1.31304812431,0.769900560379,0.0393829345703,0.218195438385,0.142217636108,0.0386493206024,0.0852000713348,0.0728764533997,0.00479102134705,0.0261967182159,0.0157129764557,0.0187304019928,0.131481409073,0.367995023727,2602,2596,8351,1142,2602,2596,8351,1142,207020,119916,119956
UL_LAT_BD,2017-03-03 16:16:09.289052,1.31399250031,0.770291566849,0.0394647121429,0.218358516693,0.142297744751,0.0386724472046,0.0852482318878,0.0729565620422,0.00479435920715,0.026219367981,0.0157291889191,0.0187633037567,0.13156747818,0.36804318428,2604,2598,8357,1143,2604,2598,8357,1143,207172,120004,120060
UL_LAT_BD,2017-03-03 16:16:09.390820,1.31481099129,0.770537853241,0.039482831955,0.218464612961,0.142370939255,0.0386946201324,0.0852935314178,0.0729863643646,0.0047972202301,0.0262334346771,0.0157392024994,0.0187633037567,0.131653785706,0.368073225021,2606,2600,8364,1144,2606,2600,8364,1144,207324,120092,120144
UL_LAT_BD,2017-03-03 16:16:09.492966,1.31604409218,0.770900249481,0.0395567417145,0.218586683273,0.14245891571,0.0387215614319,0.0853497982025,0.0730173587799,0.00480008125305,0.0262496471405,0.0157473087311,0.0187633037567,0.131766796112,0.36811709404,2608,2602,8373,1145,2608,2602,8373,1145,207492,120188,120268
UL_LAT_BD,2017-03-03 16:16:09.595047,1.31767320633,0.771431684494,0.0396459102631,0.218876361847,0.142619848251,0.0387971401215,0.0854213237762,0.0731439590454,0.00480484962463,0.0262906551361,0.0157835483551,0.0187973976135,0.131872653961,0.368149995804,2611,2605,8381,1146,2611,2605,8381,1146,207720,120320,120368
